-0.460955 1
-0.464433 1
-0.468055 1
-0.471823 1
-0.47574 1
-0.479808 1
-0.48403 1
-0.488409 1
-0.492948 1
-0.497649 1
-0.502516 1
-0.507552 1
-0.512758 1
-0.518139 1
-0.523697 1
-0.529436 1
-0.535357 1
-0.541465 1
-0.547761 1
-0.55425 1
-0.560933 1
-0.567814 1
-0.574895 1
-0.582178 1
-0.589667 1
-0.597363 1
-0.605268 1
-0.613385 1
-0.621715 1
-0.630259 1
-0.63902 1
-0.647997 1
-0.657193 1
-0.666607 1
-0.676239 1
-0.686091 1
-0.696161 1
-0.706447 1
-0.71695 1
-0.727667 1
-0.738596 1
-0.749736 1
-0.761082 1
-0.772633 1
-0.784384 1
-0.796331 1
-0.80847 1
-0 4
-0 4
-0 4
