16.7678 4
16.4812 4
16.1419 4
15.8247 4
15.528 4
15.2503 4
14.9904 4
14.7469 4
14.519 4
14.3057 4
14.1061 4
13.9193 4
13.7448 4
13.5819 4
13.43 4
13.2885 4
13.157 4
13.0351 4
12.9224 4
12.8185 4
12.723 4
12.6358 4
12.5564 4
12.4848 4
12.4207 4
12.3639 4
12.3142 4
12.2716 4
12.2358 4
12.2068 4
12.1846 4
12.1689 4
12.1599 4
12.1575 4
12.1617 4
12.1725 4
12.1898 4
12.2139 4
12.2446 4
12.2822 4
12.3267 4
12.3783 4
12.437 4
12.5031 4
12.5768 4
12.6582 4
12.7476 4
12.8453 4
12.9515 4
13.0667 4
13.1911 4
13.3252 4
13.4694 4
13.6242 4
13.7901 4
13.9678 4
14.1579 4
14.3611 4
14.5783 4
14.8102 4
