-0.237447 1
-0.238849 1
-0.240345 1
-0.241937 1
-0.243628 1
-0.24542 1
-0.247315 1
-0.249317 1
-0.251428 1
-0.253651 1
-0.25599 1
-0.258449 1
-0.261031 1
-0.26374 1
-0.26658 1
-0.269556 1
-0.272672 1
-0.275933 1
-0.279344 1
-0.28291 1
-0.286638 1
-0.290533 1
-0.294602 1
-0.29885 1
-0.303284 1
-0.307912 1
-0.312741 1
-0.317779 1
-0.323032 1
-0.328511 1
-0.334222 1
-0.340176 1
-0.346381 1
-0.352846 1
-0.35958 1
-0.366595 1
-0.373899 1
-0.381503 1
-0.389417 1
-0.39765 1
-0.406214 1
-0.415118 1
-0.424373 1
-0.433989 1
-0.443974 1
-0.454338 1
-0.465092 1
-0.476241 1
-0.487793 1
-0.499757 1
