11.7885 4
11.7 4
11.6191 4
11.5456 4
11.4791 4
11.4195 4
11.3667 4
11.3204 4
11.2806 4
11.2471 4
11.2199 4
11.1989 4
11.184 4
11.1751 4
11.1723 4
11.1756 4
11.1849 4
11.2003 4
11.2218 4
11.2495 4
11.2834 4
11.3237 4
11.3705 4
11.4238 4
11.4839 4
11.5509 4
11.6251 4
11.7065 4
11.7955 4
11.8924 4
11.9974 4
12.111 4
12.2333 4
12.3649 4
12.5062 4
12.6578 4
12.82 4
12.9936 4
13.1792 4
13.3774 4
13.5893 4
13.8155 4
14.0571 4
14.3152 4
14.591 4
14.8858 4
15.2012 4
15.5389 4
15.9006 4
16.2887 4
16.518 4
16.1838 4
15.8712 4
15.5788 4
15.3051 4
15.0488 4
14.8089 4
14.5842 4
14.374 4
14.1772 4
