0.0478347 4
0.0491919 4
0.0506515 4
0.0522236 4
0.0539211 4
0.0557578 4
0.0577502 4
0.0599175 4
0.0622822 4
0.0648708 4
0.0677148 4
0.0708522 4
0.0743285 4
0.0781996 4
0.0825346 4
0.0874186 4
0.0929602 4
0.0992984 4
0.106614 4
0.115148 4
0.125227 4
0.136148 1
0.13394 1
0.131874 1
0.129941 1
0.128132 1
0.126439 1
0.124855 1
0.123375 1
0.121991 1
0.1207 1
0.119497 1
0.118376 1
0.117336 1
0.116371 1
0.11548 1
0.114658 1
0.113905 1
0.113217 1
0.112593 1
0.11203 1
0.111527 1
0.111084 1
0.110697 1
0.110367 1
0.110093 1
0.109873 1
0.109707 1
0.109595 1
0.109537 1
