0.759775 2
0.764328 2
0.769276 2
0.77463 2
0.780404 2
0.786612 2
0.793269 2
0.800394 2
0.808005 2
0.816123 2
0.824771 2
0.833974 2
0.843758 2
0.854154 2
0.865193 2
0.87691 2
0.889344 2
0.902536 2
0.916534 2
0.931387 2
0.947151 2
0.963887 2
0.981664 2
1.00056 2
1.02064 2
1.04202 2
1.06479 2
1.08907 2
1.11497 2
1.14266 2
1.17228 2
1.20401 2
1.23807 2
1.27469 2
1.31414 2
1.35671 2
1.40278 2
1.45274 2
1.50707 2
1.56634 2
1.62882 4
1.61221 4
1.59662 4
1.58202 4
1.56836 4
1.55562 4
1.54375 4
1.53273 4
1.52252 4
1.51311 4
