16.6163 4
16.2678 4
15.9421 4
15.6374 4
15.3523 4
15.0855 4
14.8356 4
14.6017 4
14.3827 4
14.1777 4
13.9859 4
13.8066 4
13.6392 4
13.4829 4
13.3374 4
13.202 4
13.0763 4
12.96 4
12.8526 4
12.7538 4
12.6633 4
12.5808 4
12.5061 4
12.439 4
12.3793 4
12.3268 4
12.2813 4
12.2428 4
12.2111 4
12.1862 4
12.1679 4
12.1562 4
12.1511 4
12.1526 4
12.1607 4
12.1754 4
12.1967 4
12.2247 4
12.2595 4
12.3012 4
12.3499 4
12.4056 4
12.4687 4
12.5392 4
12.6174 4
12.7035 4
12.7978 4
12.9004 4
13.0119 4
13.1324 4
13.2625 4
13.4024 4
6.97551 1
6.64541 1
6.48642 1
6.38786 1
6.32723 1
6.29583 1
6.29012 1
6.3095 1
