-0.99825 1
-0.998843 1
-0.999436 1
0.0270747 4
0.0271219 4
0.0271813 4
0.0272529 4
0.0273368 4
0.0274334 4
0.0275427 4
0.0276651 4
0.0278008 4
0.0279502 4
0.0281135 4
0.0282913 4
0.0284839 4
0.0286918 4
0.0289154 4
0.0291555 4
0.0294126 4
0.0296874 4
0.0299807 4
0.0302932 4
0.0306258 4
0.0309796 4
0.0313555 4
0.0317548 4
0.0321786 4
0.0326284 4
0.0331056 4
0.033612 4
0.0341492 4
0.0347194 4
0.0353248 4
0.0359676 4
0.0366506 4
0.0373768 4
0.0381494 4
0.038972 4
0.0398487 4
0.0407841 4
0.0417832 4
0.0428517 4
0.043996 4
0.0452236 4
0.0465425 4
0.0479625 4
0.0494941 4
0.0511499 4
0.0529443 4
