-0.0569133 1
-0.0568805 1
-0.0568714 1
-0.0568857 1
-0.0569235 1
-0.056985 1
-0.0570701 1
-0.0571793 1
-0.0573124 1
-0.05747 1
-0.0576524 1
-0.0578597 1
-0.0580926 1
-0.0583514 1
-0.0586367 1
-0.0589492 1
-0.0592894 1
-0.0596581 1
-0.060056 1
-0.0604842 1
-0.0609434 1
-0.0614347 1
-0.0619594 1
-0.0625185 1
-0.0631135 1
-0.0637458 1
-0.0644168 1
-0.0651283 1
-0.0658821 1
-0.0666801 1
-0.0675246 1
-0.0684178 1
-0.0693621 1
-0.0703605 1
-0.0714156 1
-0.0725309 1
-0.0737097 1
-0.0749557 1
-0.076273 1
-0.0776662 1
-0.0791401 1
-0.0806999 1
-0.0823514 1
-0.084101 1
-0.0859556 1
-0.0879227 1
-0.0900108 1
-0.0922287 1
-0.0945864 1
-0.0970953 1
