13.3195 4
13.5026 4
13.6984 4
13.9075 4
14.1309 4
14.3695 4
14.6244 4
14.8966 4
15.1875 4
15.4986 4
15.8315 4
16.1879 4
16.5699 4
16.7347 4
16.3848 4
16.0576 4
15.7516 4
15.4653 4
15.1973 4
14.9463 4
14.7114 4
14.4914 4
14.2855 4
14.0929 4
13.9129 4
13.7447 4
13.5878 4
13.4417 4
13.3058 4
13.1796 4
13.0629 4
12.9551 4
12.856 4
12.7652 4
12.6826 4
12.6077 4
12.5405 4
12.4808 4
12.4282 4
12.3828 4
12.3444 4
12.3129 4
12.2881 4
12.2701 4
12.2587 4
12.254 4
12.2559 4
12.2645 4
12.2797 4
12.3016 4
12.3303 4
12.3658 4
12.4083 4
12.4578 4
12.5145 4
12.5786 4
12.6502 4
12.7295 4
12.8168 4
12.9124 4
