3.56526 4
3.59182 4
3.62075 4
3.65214 4
3.68609 4
3.72271 4
3.76212 4
3.80446 4
3.84986 4
3.8985 4
3.95055 4
4.0062 4
4.06567 4
4.1292 4
4.19706 4
4.26953 4
4.34694 4
4.42965 4
4.51806 4
4.61262 4
4.71382 4
4.82223 4
4.93848 4
5.06328 4
5.19744 4
5.34187 4
5.49761 4
5.66587 4
5.84801 4
6.04563 4
6.26058 4
6.49502 4
6.75149 4
7.03302 4
7.34319 4
7.68633 4
8.06769 4
8.49371 4
8.97234 4
9.5136 4
10.1302 4
10.8385 4
11.6601 4
12.6239 4
13.7694 4
15.1527 4
16.855 4
18.0221 4
17.9508 4
17.8898 4
17.8387 4
17.7975 4
17.7662 4
17.7445 4
17.7324 4
17.73 4
17.7371 4
17.7539 4
17.7803 4
17.8164 4
