3.53437 1
3.64374 1
3.81779 1
13.7982 4
13.7407 4
13.691 4
13.6491 4
13.6147 4
13.5879 4
13.5685 4
13.5564 4
13.5517 4
13.5544 4
13.5644 4
13.5817 4
13.6065 4
13.6388 4
13.6786 4
13.7261 4
13.7814 4
13.8447 4
13.9161 4
13.9959 4
14.0842 4
14.1815 4
14.2878 4
14.4036 4
14.5292 4
14.665 4
14.8115 4
14.9691 4
15.1384 4
15.32 4
15.5144 4
15.7224 4
15.9449 4
16.1826 4
16.4366 4
16.7078 4
16.9974 4
16.5502 4
16.0837 4
15.6509 4
15.2489 4
14.8749 4
14.5264 4
14.2014 4
13.898 4
13.6144 4
13.3493 4
13.1013 4
12.8692 4
12.6518 4
12.4483 4
12.2578 4
12.0795 4
11.9126 4
11.7565 4
11.6107 4
11.4746 4
