16.0544 4
16.2863 4
16.5341 4
16.7987 4
17.0814 4
17.3833 4
17.7058 4
18.0505 4
18.4189 4
18.8132 4
18.6194 4
18.191 4
17.7913 4
17.418 4
17.0691 4
16.7428 4
16.4374 4
16.1516 4
15.884 4
15.6334 4
15.3988 4
15.1792 4
14.9738 4
14.7818 4
14.6024 4
14.4351 4
14.2792 4
14.1341 4
13.9995 4
13.8749 4
13.7598 4
13.654 4
13.557 4
13.4687 4
13.3887 4
13.3168 4
13.2528 4
13.1965 4
13.1478 4
13.1065 4
13.0725 4
13.0457 4
13.026 4
13.0135 4
13.008 4
13.0095 4
13.0181 4
13.0338 4
13.0565 4
13.0865 4
13.1237 4
13.1682 4
13.2202 4
13.2799 4
13.3473 4
13.4228 4
13.5064 4
13.5985 4
13.6993 4
13.8091 4
