12.7276 4
12.6797 4
12.6391 4
12.6055 4
12.5788 4
12.5591 4
12.5462 4
12.54 4
12.5407 4
12.5482 4
12.5625 4
12.5836 4
12.6116 4
12.6466 4
12.6887 4
12.738 4
12.7946 4
12.8587 4
12.9305 4
13.0102 4
13.098 4
13.1941 4
13.299 4
13.4128 4
13.536 4
13.6689 4
13.812 4
13.9658 4
14.1307 4
14.3075 4
14.4966 4
14.6989 4
14.9151 4
15.1461 4
15.3927 4
15.6562 4
15.9376 4
12.738 2
12.5409 2
12.4699 2
12.4933 2
12.6202 2
12.9324 2
13.9766 4
13.6881 4
13.4182 4
13.1659 4
12.9296 4
12.7085 4
12.5015 4
12.3076 4
12.1262 4
11.9563 4
11.7975 4
11.649 4
11.5104 4
11.3811 4
11.2608 4
11.1489 4
11.0451 4
