12.0384 4
11.9875 4
11.9434 4
11.906 4
11.8753 4
11.8512 4
11.8335 4
11.8223 4
11.8174 4
11.819 4
11.827 4
11.8413 4
11.8622 4
11.8896 4
11.9235 4
11.9642 4
12.0116 4
12.066 4
12.1274 4
12.1961 4
12.2723 4
12.3562 4
12.448 4
12.548 4
12.6565 4
12.7739 4
12.9005 4
13.0368 4
13.1832 4
13.3403 4
13.5085 4
13.6885 4
13.881 4
14.0867 4
7.12184 1
6.86914 1
6.73061 1
6.64525 1
6.59611 1
6.57648 1
6.58412 1
6.61986 1
6.68816 1
6.80015 1
6.98774 1
16.554 4
16.2299 4
15.9267 4
15.643 4
15.3773 4
15.1286 4
14.8957 4
14.6777 4
14.4736 4
14.2829 4
14.1046 4
13.9381 4
13.7829 4
13.6384 4
13.5042 4
