12.4286 4
12.4655 4
12.5094 4
12.5603 4
12.6186 4
12.6843 4
12.7576 4
12.8388 4
12.928 4
13.0256 4
13.1318 4
13.247 4
13.3716 4
13.5058 4
13.6503 4
13.8054 4
13.9718 4
14.1499 4
14.3405 4
14.5443 4
14.7621 4
14.9947 4
15.2431 4
15.5085 4
15.7919 4
12.2743 2
12.0474 2
11.954 2
11.9505 2
12.0358 2
12.2478 2
14.059 4
13.7733 4
13.5061 4
13.2561 4
13.0222 4
12.8031 4
12.598 4
12.406 4
12.2263 4
12.0581 4
11.9008 4
11.7539 4
11.6168 4
11.4889 4
11.3699 4
11.2594 4
11.157 4
11.0624 4
10.9753 4
10.8953 4
10.8224 4
10.7562 4
10.6965 4
10.6432 4
10.5962 4
10.5552 4
10.5203 4
10.4912 4
10.4679 4
