6.80899 4
6.6924 4
6.58325 4
6.48105 4
6.38537 4
6.29584 4
6.21209 4
6.13382 4
6.06073 4
5.99257 4
5.9291 4
5.8701 4
5.81538 4
5.76475 4
5.71807 4
5.67518 4
5.63596 4
5.60029 4
5.56806 4
5.53917 4
5.51355 4
5.49113 4
5.47183 4
5.45561 4
5.44242 4
5.43223 4
5.425 4
5.42072 4
5.41938 4
5.42097 4
5.42549 4
5.43297 4
5.44342 4
5.45686 4
5.47334 4
5.49289 4
5.51559 4
5.54148 4
5.57064 4
5.60316 4
5.63913 4
5.67866 4
5.72186 4
5.76887 4
5.81983 4
5.87491 4
5.93428 4
5.99814 4
6.0667 4
6.14022 4
6.21894 4
6.30316 4
6.3932 4
6.48941 4
6.59218 4
6.70194 4
6.81917 4
6.9444 4
7.07821 4
7.22127 4
