0.0742709 1
0.0729623 1
0.0717349 1
0.070583 1
0.0695016 1
0.0684863 1
0.067533 1
0.066638 1
0.0657979 1
0.0650098 1
0.0642709 1
0.0635787 1
0.062931 1
0.0623257 1
0.0617609 1
0.061235 1
0.0607463 1
0.0602936 1
0.0598754 1
0.0594907 1
0.0591384 1
0.0588175 1
0.0585272 1
0.0582668 1
0.0580356 1
0.057833 1
0.0576584 1
0.0575116 1
0.0573921 1
0.0572995 1
0.0572338 1
0.0571946 1
0.057182 1
0.057196 1
0.0572363 1
0.0573034 1
0.0573972 1
0.0575181 1
0.0576662 1
0.0578421 1
0.058046 1
0.0582786 1
0.0585405 1
0.0588322 1
0.0591545 1
0.0595084 1
0.0598947 1
0.0603145 1
0.060769 1
0.0612594 1
