3.46574 4
3.48191 4
3.50014 4
3.52047 4
3.54297 4
3.5677 4
3.59473 4
3.62416 4
3.65606 4
3.69055 4
3.72773 4
3.76772 4
3.81066 4
3.85671 4
3.90602 4
3.95877 4
4.01518 4
4.07545 4
4.13983 4
4.20859 4
4.28203 4
4.36048 4
4.4443 4
4.53391 4
4.62977 4
4.73238 4
4.84233 4
4.96025 4
5.08687 4
5.22303 4
5.36967 4
5.52785 4
5.69882 4
5.88398 4
6.08498 4
6.30372 4
6.54246 4
6.80381 4
7.09091 4
7.40749 4
7.75804 4
8.14806 4
8.58425 4
9.07497 4
9.63074 4
10.2649 4
10.9949 4
11.8435 4
12.8416 4
14.0317 4
15.4742 4
16.8577 4
16.7837 4
16.7193 4
16.6644 4
16.6188 4
16.5824 4
16.5551 4
16.5368 4
16.5275 4
