14.0642 4
14.1485 4
14.2416 4
14.3437 4
14.4552 4
14.5764 4
14.7077 4
14.8494 4
15.0021 4
15.1663 4
15.3425 4
15.5313 4
15.7334 4
15.9497 4
16.1808 4
16.4278 4
16.6915 4
16.9732 4
17.2741 4
17.5956 4
17.9391 4
18.3064 4
18.6994 4
18.6635 4
18.2353 4
17.8358 4
17.4626 4
17.1138 4
16.7876 4
16.4823 4
16.1965 4
15.929 4
15.6785 4
15.4439 4
15.2244 4
15.0191 4
14.8271 4
14.6478 4
14.4805 4
14.3247 4
14.1798 4
14.0453 4
13.9208 4
13.8058 4
13.7001 4
13.6034 4
13.5152 4
13.4354 4
13.3637 4
13.3 4
13.2439 4
13.1955 4
13.1545 4
13.1208 4
13.0944 4
13.0751 4
13.0629 4
13.0578 4
13.0598 4
13.0689 4
