3.97786 4
4.00094 4
4.02649 4
4.05457 4
4.08527 4
4.11868 4
4.15491 4
4.19407 4
4.23629 4
4.28171 4
4.33048 4
4.38278 4
4.43878 4
4.4987 4
4.56276 4
4.63121 4
4.70433 4
4.78242 4
4.86583 4
4.95493 4
5.05014 4
5.15191 4
5.26078 4
5.37732 4
5.50218 4
5.63611 4
5.77992 4
5.93455 4
6.10108 4
6.28071 4
6.47486 4
6.68513 4
6.91337 4
7.16176 4
7.43284 4
7.72958 4
8.05556 4
8.41498 4
8.81297 4
9.25573 4
9.75088 4
10.3079 4
10.9387 4
11.6584 4
12.4868 4
13.4497 4
14.5821 4
15.932 4
17.568 4
18.8569 4
18.7739 4
18.7018 4
18.6403 4
18.5891 4
18.5483 4
18.5177 4
18.4971 4
18.4866 4
18.4861 4
18.4955 4
