14.0619 4
13.9586 4
13.8642 4
13.7785 4
13.7012 4
13.6321 4
13.571 4
13.5177 4
13.4721 4
13.4341 4
13.4035 4
13.3802 4
13.3643 4
13.3556 4
13.3541 4
13.3599 4
13.3729 4
13.3932 4
13.4208 4
13.4559 4
13.4984 4
13.5485 4
13.6065 4
13.6723 4
13.7463 4
13.8286 4
13.9194 4
14.0191 4
14.1279 4
14.2462 4
14.3743 4
14.5127 4
14.6618 4
14.8221 4
14.9941 4
15.1784 4
15.3758 4
15.5869 4
15.8126 4
16.0537 4
16.3113 4
16.5863 4
16.8801 4
17.1939 4
17.5293 4
17.888 4
18.2716 4
18.611 4
18.1837 4
17.7849 4
17.4125 4
17.0645 4
16.7389 4
16.4343 4
16.1491 4
15.8821 4
15.6321 4
15.3981 4
15.179 4
14.9741 4
