9.18124 2
9.07625 2
8.97752 2
8.88476 2
8.79772 2
8.71615 2
8.63982 2
8.56855 2
8.50214 2
8.44041 2
8.38323 2
8.33044 2
8.28192 2
8.23754 2
8.19722 2
8.16084 2
8.12833 2
8.09962 2
8.07463 2
8.05332 2
8.03563 2
8.02152 2
8.01097 2
8.00395 2
8.00044 2
8.00044 2
8.00395 2
8.01097 2
8.02152 2
8.03563 2
8.05332 2
8.07463 2
8.09962 2
8.12833 2
8.16084 2
8.19722 2
8.23754 2
8.28192 2
8.33044 2
8.38323 2
8.44041 2
8.50214 2
8.56855 2
8.63982 2
8.71615 2
8.79772 2
8.88476 2
8.97752 2
9.07625 2
9.18124 2
