17.7496 4
17.3716 4
17.0183 4
16.6879 4
16.3788 4
16.0895 4
15.8187 4
15.565 4
15.3276 4
15.1054 4
14.8974 4
14.7029 4
14.5213 4
14.3517 4
14.1936 4
14.0465 4
13.9098 4
13.7832 4
13.6661 4
13.5583 4
13.4595 4
13.3692 4
13.2873 4
13.2135 4
13.1475 4
13.0893 4
13.0386 4
12.9953 4
12.9593 4
12.9304 4
12.9087 4
12.894 4
12.8862 4
12.8855 4
12.8917 4
12.9049 4
12.9252 4
12.9525 4
12.987 4
13.0287 4
12.7698 2
12.4335 2
12.2961 2
12.2622 2
12.3189 2
12.4893 2
12.9547 2
13.6423 4
13.7573 4
13.8819 4
14.0164 4
14.1612 4
14.3169 4
14.484 4
14.663 4
14.8547 4
15.0597 4
15.2788 4
15.513 4
15.763 4
