13.57 4
13.541 4
13.5193 4
13.505 4
13.4981 4
13.4984 4
13.5061 4
13.521 4
13.5434 4
13.5731 4
13.6104 4
13.6553 4
13.7079 4
13.7685 4
13.837 4
13.9139 4
13.9992 4
14.0932 4
14.1962 4
14.3085 4
14.4305 4
14.5626 4
14.7051 4
14.8585 4
15.0234 4
15.2003 4
15.3899 4
15.5927 4
15.8097 4
16.0416 4
16.2893 4
16.5539 4
16.8365 4
16.5315 4
16.0585 4
15.6201 4
15.213 4
14.8344 4
14.4818 4
14.1531 4
13.8463 4
13.5597 4
13.2917 4
13.0411 4
12.8065 4
12.5869 4
12.3813 4
12.1888 4
12.0086 4
11.84 4
11.6822 4
11.5348 4
11.3971 4
11.2687 4
11.1492 4
11.038 4
10.9349 4
10.8395 4
10.7515 4
10.6707 4
