12.4199 4
12.4526 4
12.4924 4
12.5391 4
12.5931 4
12.6544 4
12.7232 4
12.7997 4
12.3468 2
12.1675 2
12.1034 2
12.1279 2
12.25 2
12.5421 2
13.5739 4
13.7227 4
13.8825 4
14.0537 4
14.2369 4
14.4329 4
14.6424 4
14.8663 4
15.1054 4
15.3607 4
15.6335 4
15.9249 4
16.0694 4
15.6467 4
15.2537 4
14.8879 4
14.5468 4
14.2286 4
13.9314 4
13.6535 4
13.3937 4
13.1505 4
12.9228 4
12.7097 4
12.5101 4
12.3233 4
12.1485 4
11.9849 4
11.832 4
11.6892 4
11.556 4
11.4318 4
11.3164 4
11.2093 4
11.1102 4
11.0187 4
10.9345 4
10.8575 4
10.7874 4
10.7239 4
10.6669 4
10.6162 4
10.5716 4
10.5332 4
10.5006 4
10.4739 4
