5.2673 4
5.20729 4
5.15139 4
5.09941 4
5.05117 4
5.00651 4
4.96531 4
4.92742 4
4.89273 4
4.86113 4
4.83254 4
4.80687 4
4.78405 4
4.764 4
4.74668 4
4.73204 4
4.72003 4
4.71062 4
4.70379 4
4.69952 4
4.6978 4
4.69862 4
4.70198 4
4.70789 4
4.71638 4
4.72746 4
4.74116 4
4.75752 4
4.77659 4
4.79842 4
4.82307 4
4.85061 4
4.88112 4
4.9147 4
4.95144 4
4.99145 4
5.03486 4
5.0818 4
5.13243 4
5.18692 4
5.24544 4
5.3082 4
5.37542 4
5.44736 4
5.52427 4
5.60646 4
5.69427 4
5.78804 4
5.8882 4
5.99519 4
6.1095 4
6.23169 4
6.36238 4
6.50226 4
6.65211 4
6.8128 4
6.98533 4
7.17079 4
7.37047 4
7.58581 4
