13.8609 4
14.0206 4
14.1918 4
14.3751 4
14.5712 4
14.7809 4
15.0048 4
15.2441 4
14.8425 4
14.3895 4
13.9706 4
13.5825 4
13.2224 4
12.8876 4
12.5761 4
12.2857 4
12.0148 4
11.7618 4
11.5253 4
11.3042 4
11.0973 4
10.9036 4
10.7222 4
10.5525 4
10.3935 4
10.2447 4
10.1055 4
9.97535 4
9.85378 4
9.74035 4
9.63464 4
9.53631 4
9.44503 4
9.36049 4
9.28243 4
9.2106 4
9.14478 4
9.08478 4
9.03041 4
8.98152 4
8.93797 4
8.89962 4
8.86638 4
8.83815 4
8.81486 4
8.79643 4
8.78282 4
8.77399 4
8.76992 4
8.77059 4
8.77602 4
8.7862 4
8.80118 4
8.82098 4
8.84568 4
8.87532 4
8.91 4
8.94982 4
8.99488 4
9.04531 4
