3.73644 4
3.76052 4
3.78696 4
3.81586 4
3.84731 4
3.88139 4
3.91822 4
3.95791 4
4.00061 4
4.04645 4
4.09559 4
4.14822 4
4.20451 4
4.2647 4
4.32901 4
4.3977 4
4.47107 4
4.54943 4
4.63314 4
4.72258 4
4.81821 4
4.92051 4
5.03002 4
5.14737 4
5.27324 4
5.40843 4
5.55381 4
5.7104 4
5.87934 4
6.06197 4
6.25981 4
6.47461 4
6.70843 4
6.96368 4
7.24321 4
7.55036 4
7.88918 4
8.26451 4
8.68227 4
9.14973 4
9.67592 4
10.2722 4
10.9532 4
11.7376 4
12.6504 4
13.7252 4
15.0085 4
16.5664 4
18.4525 4
18.3724 4
18.3028 4
18.2436 4
18.1946 4
18.1556 4
18.1266 4
18.1074 4
18.0981 4
18.0985 4
18.1088 4
18.1289 4
