0.725795 2
0.727503 2
0.729539 2
0.731908 2
0.734616 2
0.737668 2
0.741072 2
0.744835 2
0.748967 2
0.753476 2
0.758375 2
0.763674 2
0.769388 2
0.77553 2
0.782117 2
0.789165 2
0.796693 2
0.804723 2
0.813276 2
0.822377 2
0.832053 2
0.842332 2
0.853248 2
0.864833 2
0.877128 2
0.890174 2
0.904015 2
0.918701 2
0.93429 2
0.95084 2
0.968419 2
0.987101 2
1.00697 2
1.02811 2
1.05063 2
1.07464 2
1.10027 2
1.12765 2
1.15696 2
1.18836 2
1.22206 2
1.2583 2
1.29734 2
1.33948 2
1.38508 2
1.43455 2
1.48836 2
1.54707 2
1.58557 4
1.56944 4
