0.790145 2
0.798082 2
0.806536 2
0.815533 2
0.8251 2
0.835262 2
0.846054 2
0.857509 2
0.869665 2
0.882562 2
0.896247 2
0.910768 2
0.926179 2
0.942542 2
0.959922 2
0.978391 2
0.998031 2
1.01893 2
1.04119 2
1.06492 2
1.09025 2
1.11731 2
1.14626 2
1.17729 2
1.21059 2
1.24639 2
1.28495 2
1.32657 2
1.3716 2
1.42043 2
1.47355 2
1.53148 2
1.59489 2
1.64328 4
1.62739 4
1.6125 4
1.59858 4
1.58558 4
1.57348 4
1.56224 4
1.55184 4
1.54224 4
1.53343 4
1.52539 4
1.51809 4
1.51152 4
1.50566 4
1.5005 4
1.49604 4
1.49225 4
