-0.328017 1
-0.330464 1
-0.333036 1
-0.335737 1
-0.338569 1
-0.341536 1
-0.34464 1
-0.347887 1
-0.351279 1
-0.35482 1
-0.358514 1
-0.362366 1
-0.366379 1
-0.37056 1
-0.374911 1
-0.379439 1
-0.384147 1
-0.389042 1
-0.394128 1
-0.399411 1
-0.404896 1
-0.41059 1
-0.416498 1
-0.422626 1
-0.42898 1
-0.435566 1
-0.442391 1
-0.449459 1
-0.456779 1
-0.464355 1
-0.472194 1
-0.480302 1
-0.488685 1
-0.497349 1
-0.506298 1
-0.51554 1
-0.525078 1
-0.534918 1
-0.545063 1
-0.555518 1
-0.566286 1
-0.577371 1
-0.588774 1
-0.600497 1
-0.612542 1
-0.62491 1
-0.6376 1
-0.65061 1
-0.663939 1
-0.677584 1
