13.5831 4
13.7663 4
13.9621 4
14.1714 4
14.2094 4
13.7496 4
13.3255 4
12.9337 4
12.5708 4
12.2342 4
11.9214 4
11.6304 4
11.3592 4
11.1063 4
10.8701 4
10.6494 4
10.443 4
10.2499 4
10.0692 4
9.89997 4
9.74154 4
9.59321 4
9.45436 4
9.32445 4
9.20297 4
9.08947 4
8.98354 4
8.88479 4
8.7929 4
8.70756 4
8.62847 4
8.5554 4
8.48811 4
8.42639 4
8.37006 4
8.31894 4
8.27289 4
8.23178 4
8.19549 4
8.16392 4
8.13697 4
8.11457 4
8.09666 4
8.0832 4
8.07414 4
8.06946 4
8.06916 4
8.07321 4
8.08165 4
8.09449 4
8.11176 4
8.13352 4
8.15981 4
8.19073 4
8.22635 4
8.26677 4
8.31211 4
8.36249 4
8.41808 4
8.47902 4
