-0.148206 1
-0.148722 1
-0.149298 1
-0.149933 1
-0.150629 1
-0.151388 1
-0.15221 1
-0.153098 1
-0.154052 1
-0.155074 1
-0.156166 1
-0.157331 1
-0.158569 1
-0.159884 1
-0.161278 1
-0.162754 1
-0.164314 1
-0.165962 1
-0.1677 1
-0.169532 1
-0.171462 1
-0.173494 1
-0.175631 1
-0.177879 1
-0.180242 1
-0.182726 1
-0.185335 1
-0.188075 1
-0.190953 1
-0.193975 1
-0.197149 1
-0.20048 1
-0.203979 1
-0.207652 1
-0.211508 1
-0.215558 1
-0.219812 1
-0.224279 1
-0.228971 1
-0.2339 1
-0.239079 1
-0.244521 1
-0.250239 1
-0.25625 1
-0.262567 1
-0.269207 1
-0.276188 1
-0.283526 1
-0.291238 1
-0.299345 1
