12.769 4
12.7168 4
12.6718 4
12.634 4
12.6032 4
12.5793 4
12.5624 4
12.5522 4
12.5488 4
12.5523 4
12.5625 4
12.5795 4
12.6035 4
12.6343 4
12.6722 4
12.7173 4
12.7695 4
12.8292 4
12.5965 2
12.2881 2
12.1596 2
12.1307 2
12.1907 2
12.3638 2
12.8406 2
13.5987 4
13.7358 4
13.8833 4
14.0417 4
14.2114 4
14.3933 4
14.5878 4
14.7958 4
15.018 4
15.2554 4
15.5089 4
15.7797 4
16.069 4
16.0135 4
15.5855 4
15.1878 4
14.8178 4
14.4729 4
14.1513 4
13.8509 4
13.5702 4
13.3077 4
13.0622 4
12.8323 4
12.6171 4
12.4156 4
12.2269 4
12.0504 4
11.8851 4
11.7306 4
11.5863 4
11.4516 4
11.326 4
11.2092 4
11.1007 4
