13.8277 4
13.3968 4
12.9712 4
12.5783 4
12.215 4
11.8783 4
11.5658 4
11.2752 4
11.0047 4
10.7526 4
10.5173 4
10.2975 4
10.0921 4
9.89995 4
9.72015 4
9.55185 4
9.39426 4
9.24671 4
9.10858 4
8.9793 4
8.85836 4
8.74531 4
8.63972 4
8.54121 4
8.44945 4
8.36411 4
8.28491 4
8.21161 4
8.14395 4
8.08174 4
8.02478 4
7.97289 4
7.92594 4
7.88377 4
7.84628 4
7.81334 4
7.78488 4
7.7608 4
7.74105 4
7.72556 4
7.71431 4
7.70725 4
7.70436 4
7.70565 4
7.7111 4
7.72075 4
7.73461 4
7.75272 4
7.77513 4
7.8019 4
7.83311 4
7.86885 4
7.90921 4
7.95431 4
8.00429 4
8.05928 4
8.11946 4
8.185 4
8.25611 4
8.33302 4
