11.7967 4
11.8657 4
11.942 4
12.0258 4
12.1173 4
12.217 4
12.325 4
12.4418 4
12.5676 4
12.703 4
12.8483 4
13.0041 4
13.1709 4
13.3494 4
13.5402 4
13.7442 4
13.962 4
14.1946 4
14.4431 4
14.7084 4
14.9921 4
15.2952 4
15.6196 4
15.9668 4
16.3388 4
16.7379 4
16.5771 4
16.242 4
15.9286 4
15.6353 4
15.3608 4
15.1038 4
14.8632 4
14.638 4
14.4271 4
14.2298 4
14.0453 4
13.873 4
13.7122 4
13.5623 4
13.4228 4
13.2933 4
13.1733 4
13.0625 4
12.9605 4
12.8669 4
12.7816 4
12.7042 4
12.6346 4
12.5725 4
12.5177 4
12.4701 4
12.4295 4
12.396 4
12.3692 4
12.3493 4
12.3361 4
12.3295 4
12.3297 4
12.3365 4
