15.321 4
15.615 4
15.9294 4
15.9257 4
15.5368 4
15.1745 4
14.8366 4
14.521 4
14.2261 4
13.9504 4
13.6924 4
13.451 4
13.2249 4
13.0132 4
12.8151 4
12.6295 4
12.456 4
12.2937 4
12.142 4
12.0005 4
11.8686 4
11.7458 4
11.6318 4
11.5261 4
11.4285 4
11.3386 4
11.2561 4
11.1808 4
11.1125 4
11.051 4
10.9961 4
10.9476 4
10.9054 4
10.8694 4
10.8394 4
10.8155 4
10.7975 4
10.7854 4
10.7791 4
10.7787 4
10.7841 4
10.7953 4
10.8125 4
10.8355 4
10.8646 4
10.8997 4
10.941 4
10.9885 4
11.0425 4
11.103 4
11.1703 4
11.2445 4
11.3259 4
11.4147 4
11.5112 4
11.6157 4
11.7284 4
11.8499 4
11.9804 4
12.1205 4
