13.1903 4
13.325 4
13.4699 4
13.6255 4
13.7922 4
13.9707 4
14.1616 4
14.3657 4
14.5838 4
14.8167 4
15.0655 4
15.3313 4
15.6151 4
11.8372 2
11.5505 2
11.4243 2
11.3882 2
11.4301 2
11.5643 2
11.8715 2
13.8983 4
13.6321 4
13.383 4
13.1498 4
12.9315 4
12.7271 4
12.5357 4
12.3566 4
12.189 4
12.0323 4
11.886 4
11.7494 4
11.6222 4
11.5038 4
11.394 4
11.2922 4
11.1983 4
11.1119 4
11.0327 4
10.9605 4
10.8952 4
10.8364 4
10.7841 4
10.738 4
10.6981 4
10.6643 4
10.6364 4
10.6143 4
10.5981 4
10.5877 4
10.5829 4
10.584 4
10.5907 4
10.6032 4
10.6215 4
10.6456 4
10.6756 4
10.7116 4
10.7537 4
10.8019 4
