9.19378 4
9.19678 4
9.20477 4
9.21775 4
9.23578 4
9.2589 4
9.28717 4
9.32067 4
9.3595 4
9.40375 4
9.45357 4
9.50909 4
9.57047 4
9.6379 4
9.71158 4
9.79173 4
9.8786 4
9.97247 4
10.0736 4
10.1825 4
10.2993 4
10.4245 4
10.5586 4
10.7021 4
10.8554 4
11.0193 4
11.1944 4
11.3813 4
11.581 4
11.7943 4
12.0222 4
12.2659 4
12.5266 4
12.8057 4
13.1047 4
13.4255 4
13.77 4
14.1406 4
14.5397 4
14.9703 4
15.4358 4
15.9401 4
16.4876 4
17.0837 4
17.7345 4
18.4472 4
19.2304 4
20 0
20 0
20 0
20 0
20 0
20 0
20 0
7.92623 2
7.73019 2
7.61843 2
7.55661 2
7.5334 2
5.95878 1
