-0.877326 1
-0.879427 1
-0.881578 1
-0.883779 1
-0.886028 1
-0.888325 1
-0.89067 1
-0.893061 1
-0.895499 1
-0.897982 1
-0.90051 1
-0.903082 1
-0.905696 1
-0.908353 1
-0.911052 1
-0.913791 1
-0.91657 1
-0.919388 1
-0.922243 1
-0.925135 1
-0.928064 1
-0.931027 1
-0.934024 1
-0.937053 1
-0.940114 1
-0.943207 1
-0.946328 1
-0.949477 1
-0.952653 1
-0.955855 1
-0.959082 1
-0.962332 1
-0.965604 1
-0.968896 1
-0.972208 1
-0.975537 1
-0.978883 1
-0.982244 1
-0.985619 1
0.0461203 4
0.0462841 4
0.0464694 4
0.0466768 4
0.0469067 4
0.0471596 4
0.0474362 4
0.0477371 4
0.048063 4
0.0484147 4
0.0487932 4
