0.796954 2
0.808819 2
0.821409 2
0.834768 2
0.848948 2
0.864002 2
0.879992 2
0.896986 2
0.915058 2
0.93429 2
0.954776 2
0.976618 2
0.999931 2
1.02484 2
1.05151 2
1.08008 2
1.11074 2
1.14371 2
1.17924 2
1.21759 2
1.25909 2
1.30411 2
1.35308 2
1.40652 2
1.46502 2
1.5293 2
1.60021 2
1.60625 4
1.59245 4
1.57958 4
1.56759 4
1.55646 4
1.54616 4
1.53666 4
1.52794 4
1.51999 4
1.51278 4
1.50629 4
1.50051 4
1.49543 4
1.49104 4
1.48732 4
1.48426 4
1.48187 4
1.48014 4
1.47905 4
1.47861 4
1.47883 4
1.47969 4
1.4812 4
