12.3551 4
6.4691 1
6.08013 1
5.9145 1
5.81015 1
5.74214 1
5.70094 1
5.68223 1
5.68433 1
5.70743 1
5.75365 1
5.82805 1
5.94195 1
6.12746 1
15.1719 4
15.492 4
15.8347 4
16.2019 4
16.5957 4
17.0185 4
16.8757 4
16.5485 4
16.2423 4
15.9558 4
15.6875 4
15.4363 4
15.2011 4
14.981 4
14.775 4
14.5824 4
14.4024 4
14.2345 4
14.0779 4
13.9322 4
13.7969 4
13.6715 4
13.5556 4
13.4489 4
13.351 4
13.2616 4
13.1806 4
13.1075 4
13.0423 4
12.9847 4
12.9346 4
12.8918 4
12.8563 4
12.8278 4
12.8064 4
12.792 4
12.7845 4
12.7839 4
12.7903 4
12.8036 4
12.8238 4
12.8511 4
12.8855 4
12.9271 4
12.976 4
13.0323 4
