-0.939335 1
-0.941325 1
-0.943342 1
-0.945385 1
-0.947454 1
-0.949547 1
-0.951663 1
-0.953803 1
-0.955964 1
-0.958147 1
-0.96035 1
-0.962572 1
-0.964813 1
-0.967072 1
-0.969348 1
-0.97164 1
-0.973946 1
-0.976267 1
-0.978601 1
-0.980947 1
-0.983304 1
-0.985671 1
-0.988047 1
-0.990432 1
-0.992824 1
0.0274517 4
0.0274767 4
0.0275139 4
0.0275632 4
0.0276248 4
0.0276989 4
0.0277856 4
0.027885 4
0.0279975 4
0.0281233 4
0.0282627 4
0.028416 4
0.0285835 4
0.0287657 4
0.028963 4
0.0291759 4
0.029405 4
0.0296507 4
0.0299139 4
0.030195 4
0.0304951 4
0.0308147 4
0.031155 4
0.0315168 4
0.0319012 4
