11.3419 4
11.3309 4
11.3261 4
11.3274 4
11.3348 4
11.3484 4
11.3682 4
11.3942 4
11.4265 4
11.4652 4
11.5105 4
11.5624 4
11.621 4
11.6867 4
11.7594 4
11.8396 4
11.9273 4
12.0229 4
12.1266 4
12.2388 4
12.3599 4
12.4902 4
12.6302 4
12.7804 4
12.9412 4
13.1134 4
13.2974 4
13.4942 4
13.7043 4
13.9288 4
14.1685 4
14.4246 4
14.6982 4
14.9906 4
15.3033 4
15.6381 4
15.9966 4
16.381 4
16.6821 4
16.3394 4
16.019 4
15.7193 4
15.4388 4
15.1762 4
14.9303 4
14.7001 4
14.4846 4
14.2829 4
14.0943 4
13.918 4
13.7534 4
13.6 4
13.4571 4
13.3244 4
13.2013 4
13.0875 4
12.9825 4
12.8862 4
12.7982 4
12.7182 4
