0.0288478 4
0.0294335 4
0.030057 4
0.0307211 4
0.0314295 4
0.0321856 4
0.0329939 4
0.0338589 4
0.0347864 4
0.0357822 4
0.0368531 4
0.0380075 4
0.039254 4
0.0406037 4
0.0420686 4
0.0436629 4
0.0454036 4
0.0473103 4
0.0494068 4
0.0517215 4
0.0542886 4
0.0571503 4
0.0603583 4
0.0639776 4
0.0680904 4
0.0684651 1
0.0674043 1
0.0664081 1
0.0654726 1
0.0645942 1
0.0637696 1
0.0629957 1
0.0622699 1
0.0615898 1
0.0609531 1
0.0603579 1
0.0598021 1
0.0592842 1
0.0588026 1
0.058356 1
0.0579431 1
0.0575627 1
0.0572138 1
0.0568955 1
0.0566069 1
0.0563473 1
0.056116 1
0.0559125 1
0.0557362 1
0.0555866 1
