7.67972 4
7.52926 4
7.3885 4
7.25676 4
7.13342 4
7.01795 4
6.90982 4
6.80861 4
6.7139 4
6.62532 4
6.54255 4
6.46527 4
6.39321 4
6.32613 4
6.26379 4
6.20599 4
6.15255 4
6.10329 4
6.05807 4
6.01674 4
5.97919 4
5.9453 4
5.91497 4
5.88812 4
5.86467 4
5.84456 4
5.82772 4
5.81412 4
5.80371 4
5.79647 4
5.79238 4
5.79143 4
5.79361 4
5.79893 4
5.8074 4
5.81905 4
5.83391 4
5.85202 4
5.87343 4
5.8982 4
5.92639 4
5.9581 4
5.99341 4
6.03242 4
6.07526 4
6.12204 4
6.17291 4
6.22803 4
6.28758 4
6.35174 4
6.42074 4
6.4948 4
6.5742 4
6.6592 4
6.75013 4
6.84733 4
6.95119 4
7.06213 4
7.18061 4
7.30716 4
