14.5154 4
14.6855 4
14.8677 4
15.0627 4
15.2713 4
15.4943 4
15.7325 4
15.987 4
15.7741 4
15.299 4
14.8595 4
14.4522 4
14.074 4
13.7223 4
13.3948 4
13.0896 4
12.8047 4
12.5385 4
12.2897 4
12.057 4
11.8393 4
11.6354 4
11.4445 4
11.2658 4
11.0985 4
10.9419 4
10.7955 4
10.6586 4
10.5307 4
10.4115 4
10.3004 4
10.1971 4
10.1013 4
10.0127 4
9.93088 4
9.8557 4
9.78691 4
9.72429 4
9.66767 4
9.61687 4
9.57176 4
9.5322 4
9.49809 4
9.46932 4
9.44582 4
9.42752 4
9.41438 4
9.40636 4
9.40343 4
9.40559 4
9.41284 4
9.42521 4
9.44273 4
9.46544 4
9.49341 4
9.52671 4
9.56544 4
9.60971 4
9.65964 4
9.71537 4
