0.848803 2
0.837953 2
0.827736 2
0.818119 2
0.809072 2
0.800571 2
0.79259 2
0.785108 2
0.778104 2
0.771558 2
0.765454 2
0.759776 2
0.75451 2
0.749643 2
0.745162 2
0.741058 2
0.73732 2
0.733939 2
0.730908 2
0.72822 2
0.725869 2
0.723848 2
0.722155 2
0.720784 2
0.719734 2
0.719001 2
0.718584 2
0.718482 2
0.718695 2
0.719224 2
0.720069 2
0.721232 2
0.722717 2
0.724526 2
0.726663 2
0.729133 2
0.731942 2
0.735096 2
0.738602 2
0.742468 2
0.746705 2
0.751321 2
0.756328 2
0.761738 2
0.767564 2
0.773823 2
0.780529 2
0.787701 2
0.795357 2
0.803519 2
