4.07678 4
4.06009 4
4.04571 4
4.03362 4
4.02376 4
4.01612 4
4.01067 4
4.0074 4
4.0063 4
4.00737 4
4.01062 4
4.01604 4
4.02365 4
4.03348 4
4.04556 4
4.05991 4
4.07657 4
4.09559 4
4.11704 4
4.14095 4
4.16742 4
4.19651 4
4.22832 4
4.26293 4
4.30046 4
4.34103 4
4.38476 4
4.43181 4
4.48232 4
4.53649 4
4.59449 4
4.65655 4
4.7229 4
4.7938 4
4.86953 4
4.95042 4
5.03681 4
5.12909 4
5.2277 4
5.33311 4
5.44587 4
5.56658 4
5.69591 4
5.83463 4
5.98358 4
6.14376 4
6.31625 4
6.50233 4
6.70345 4
6.92126 4
7.15771 4
7.41504 4
7.69588 4
8.00333 4
8.34106 4
8.71348 4
9.12588 4
9.58469 4
10.0978 4
10.6751 4
