-0.727151 1
-0.729345 1
-0.731631 1
-0.73401 1
-0.736482 1
-0.739047 1
-0.741704 1
-0.744453 1
-0.747295 1
-0.75023 1
-0.753257 1
-0.756377 1
-0.759588 1
-0.762891 1
-0.766286 1
-0.769773 1
-0.77335 1
-0.777018 1
-0.780777 1
-0.784626 1
-0.788564 1
-0.792592 1
-0.796708 1
-0.800912 1
-0.805204 1
-0.809582 1
-0.814047 1
-0.818596 1
-0.823231 1
-0.827948 1
-0.832748 1
-0.83763 1
-0.842592 1
-0.847633 1
-0.852752 1
-0.857948 1
-0.86322 1
-0.868565 1
-0.873982 1
-0.87947 1
-0.885027 1
-0.890652 1
-0.896341 1
-0.902095 1
-0.90791 1
-0.913784 1
-0.919716 1
-0.925703 1
-0.931742 1
-0.937832 1
