-0.224733 1
-0.224039 1
-0.223426 1
-0.22289 1
-0.222432 1
-0.222052 1
-0.221748 1
-0.22152 1
-0.221368 1
-0.221292 1
-0.221291 1
-0.221366 1
-0.221517 1
-0.221743 1
-0.222045 1
-0.222424 1
-0.22288 1
-0.223414 1
-0.224027 1
-0.224718 1
-0.22549 1
-0.226344 1
-0.22728 1
-0.228299 1
-0.229405 1
-0.230597 1
-0.231878 1
-0.23325 1
-0.234714 1
-0.236272 1
-0.237928 1
-0.239683 1
-0.24154 1
-0.243502 1
-0.245572 1
-0.247752 1
-0.250047 1
-0.25246 1
-0.254994 1
-0.257653 1
-0.260443 1
-0.263366 1
-0.266428 1
-0.269633 1
-0.272987 1
-0.276495 1
-0.280163 1
-0.283996 1
-0.288001 1
-0.292185 1
