7.01988 4
7.11728 4
7.22137 4
7.33259 4
7.45138 4
7.57824 4
7.71375 4
7.85852 4
8.01325 4
8.1787 4
8.35575 4
8.54535 4
8.74861 4
8.96673 4
9.20112 4
9.45334 4
9.72519 4
10.0187 4
10.3363 4
10.6806 4
11.0548 4
11.4627 4
11.9084 4
12.3973 4
12.9352 4
13.5296 4
14.1894 4
14.9253 4
15.7506 4
16.6821 4
17.741 4
18.9543 4
20 0
20 0
20 0
20 0
20 0
20 0
20 0
20 0
20 0
20 0
20 0
20 0
20 0
20 0
20 0
10.0132 2
9.65733 2
9.49651 2
9.41697 2
9.3958 2
9.42841 2
9.52212 2
9.70703 2
10.2142 2
20 0
20 0
20 0
20 0
