4.61126 4
4.57485 4
4.54144 4
4.51094 4
4.48325 4
4.4583 4
4.43602 4
4.41633 4
4.39918 4
4.38453 4
4.37234 4
4.36257 4
4.35519 4
4.35018 4
4.34754 4
4.34725 4
4.34931 4
4.35373 4
4.36052 4
4.3697 4
4.38129 4
4.39533 4
4.41185 4
4.43091 4
4.45254 4
4.47683 4
4.50383 4
4.53363 4
4.56631 4
4.60197 4
4.64072 4
4.68269 4
4.728 4
4.77681 4
4.82927 4
4.88558 4
4.94592 4
5.01051 4
5.07959 4
5.15344 4
5.23233 4
5.31661 4
5.40661 4
5.50274 4
5.60543 4
5.71519 4
5.83254 4
5.95811 4
6.09257 4
6.23669 4
6.39133 4
6.55748 4
6.73624 4
6.92887 4
7.13682 4
7.36174 4
7.60555 4
7.87046 4
8.15906 4
8.4744 4
