-0.994342 1
-0.995098 1
-0.995855 1
-0.996615 1
-0.997376 1
-0.998139 1
-0.998903 1
0.021604 4
0.0216046 4
0.0216147 4
0.0216343 4
0.0216634 4
0.0217021 4
0.0217506 4
0.0218088 4
0.0218769 4
0.0219551 4
0.0220436 4
0.0221425 4
0.0222521 4
0.0223726 4
0.0225044 4
0.0226477 4
0.0228029 4
0.0229704 4
0.0231506 4
0.023344 4
0.023551 4
0.0237722 4
0.0240083 4
0.0242598 4
0.0245275 4
0.0248121 4
0.0251146 4
0.0254358 4
0.0257768 4
0.0261388 4
0.0265227 4
0.0269301 4
0.0273624 4
0.0278212 4
0.0283082 4
0.0288255 4
0.0293751 4
0.0299594 4
0.0305812 4
0.0312434 4
0.0319491 4
0.032702 4
0.0335064 4
