13.4077 4
13.2565 4
13.1157 4
12.9848 4
12.8633 4
12.751 4
12.6474 4
12.5522 4
12.4651 4
12.3859 4
12.3143 4
12.2501 4
12.1931 4
12.1432 4
12.1002 4
12.064 4
12.0346 4
12.0117 4
11.9955 4
11.9857 4
11.9824 4
11.9857 4
11.9954 4
12.0116 4
12.0344 4
12.0638 4
12.0999 4
12.1429 4
12.1927 4
12.2496 4
12.3138 4
12.3854 4
12.4645 4
12.5516 4
12.6467 4
12.7502 4
12.8625 4
12.9839 4
13.1147 4
6.6433 1
6.42266 1
6.29497 1
6.21402 1
6.16549 1
6.14336 1
6.14535 1
6.17165 1
6.22504 1
6.31244 1
6.45071 1
6.70076 1
15.9516 4
16.2889 4
16.65 4
17.0368 4
17.0697 4
16.7073 4
16.3686 4
16.0519 4
15.7556 4
