5.61897 4
5.66975 4
5.72457 4
5.78362 4
5.8471 4
5.91523 4
5.98824 4
6.06639 4
6.14999 4
6.23934 4
6.33481 4
6.43677 4
6.54568 4
6.66199 4
6.78626 4
6.91906 4
7.06106 4
7.21299 4
7.37568 4
7.55007 4
7.73718 4
7.93821 4
8.15449 4
8.38754 4
8.63913 4
8.91124 4
9.2062 4
9.52668 4
9.87581 4
10.2573 4
10.6754 4
11.1353 4
11.6432 4
12.2066 4
12.8346 4
13.5385 4
14.3322 4
15.2335 4
16.2652 4
17.4569 4
18.848 4
20 0
20 0
20 0
20 0
20 0
20 0
20 0
20 0
20 0
20 0
20 0
20 0
20 0
20 0
20 0
20 0
20 0
20 0
20 0
