-0.673853 1
-0.676452 1
-0.679156 1
-0.681967 1
-0.684885 1
-0.68791 1
-0.691042 1
-0.694281 1
-0.697628 1
-0.701084 1
-0.704647 1
-0.708319 1
-0.7121 1
-0.715989 1
-0.719987 1
-0.724094 1
-0.72831 1
-0.732635 1
-0.737068 1
-0.74161 1
-0.746261 1
-0.75102 1
-0.755888 1
-0.760863 1
-0.765945 1
-0.771135 1
-0.77643 1
-0.781832 1
-0.787338 1
-0.792948 1
-0.798662 1
-0.804478 1
-0.810395 1
-0.816413 1
-0.82253 1
-0.828744 1
-0.835055 1
-0.84146 1
-0.847957 1
-0.854546 1
-0.861224 1
-0.867989 1
-0.87484 1
-0.881773 1
-0.888787 1
-0.895878 1
-0.903046 1
-0.910286 1
-0.917596 1
-0.924972 1
