14.1192 4
14.2087 4
14.3072 4
14.4149 4
14.5322 4
14.6594 4
14.7969 4
14.9451 4
15.1047 4
15.276 4
15.4597 4
15.6564 4
15.867 4
16.092 4
16.3326 4
16.5895 4
16.8639 4
17.157 4
17.4701 4
17.8046 4
18.1622 4
18.5446 4
18.8433 4
18.4029 4
17.992 4
17.6085 4
17.2501 4
16.915 4
16.6014 4
16.3079 4
16.0332 4
15.7759 4
15.5351 4
15.3096 4
15.0987 4
14.9014 4
14.7171 4
14.545 4
14.3846 4
14.2354 4
14.0967 4
13.9682 4
13.8495 4
13.7401 4
13.6398 4
13.5482 4
13.465 4
13.3901 4
13.3231 4
13.264 4
13.2125 4
13.1685 4
13.1319 4
13.1025 4
13.0803 4
13.0653 4
13.0574 4
13.0565 4
13.0627 4
13.0759 4
