16.5953 4
16.3521 4
3.61035 1
3.45047 1
3.34709 1
3.2716 1
3.21413 1
3.16992 1
3.13625 1
3.1115 1
3.09464 1
3.08502 1
3.08233 1
3.08646 1
3.09756 1
3.11601 1
3.14253 1
3.17824 1
3.22496 1
3.28571 1
3.36595 1
3.47755 1
3.6598 1
13.9194 4
13.9095 4
13.9072 4
13.9123 4
13.925 4
13.9453 4
13.9732 4
14.0088 4
14.0522 4
14.1035 4
14.1629 4
14.2306 4
14.3066 4
14.3913 4
14.4849 4
14.5877 4
14.6999 4
14.822 4
14.9543 4
15.0971 4
15.2511 4
15.4167 4
15.5944 4
15.7849 4
15.9889 4
16.2071 4
16.4404 4
16.6897 4
16.9559 4
17.2402 4
17.5439 4
17.2401 4
16.7615 4
16.3172 4
15.9043 4
15.52 4
15.1618 4
