12.2957 4
12.4145 4
12.5425 4
12.6801 4
12.8278 4
12.986 4
13.1554 4
13.3366 4
13.5303 4
13.7373 4
13.9583 4
6.65241 1
6.43539 1
6.30915 1
6.22921 1
6.18156 1
6.1603 1
6.16326 1
6.19072 1
6.24561 1
6.33517 1
6.47722 1
6.73933 1
16.113 4
15.8342 4
15.5731 4
15.3287 4
15.0999 4
14.8858 4
14.6854 4
14.4981 4
14.3232 4
14.1601 4
14.0081 4
13.8667 4
13.7356 4
13.6141 4
13.5021 4
13.3991 4
13.3047 4
13.2188 4
13.1411 4
13.0713 4
13.0092 4
12.9547 4
12.9076 4
12.8678 4
12.8352 4
12.8096 4
12.791 4
12.7794 4
12.7748 4
12.777 4
12.7861 4
12.8022 4
12.8253 4
12.8554 4
12.8927 4
12.9372 4
12.9891 4
