7.70054 1
7.70207 1
7.73374 1
7.35049 2
6.93483 2
6.56639 2
6.23771 2
5.94285 2
5.67699 2
5.43618 2
5.21715 2
5.01721 2
4.83406 2
4.66579 2
4.51075 2
4.36753 2
4.23493 2
4.11188 2
3.99749 2
3.89096 2
3.79157 2
3.69871 2
3.61183 2
3.53046 2
3.45415 2
3.38252 2
3.31523 2
3.25196 2
3.19242 2
3.13638 2
3.08361 2
3.03388 2
2.98702 2
2.94286 2
2.90124 2
2.86201 2
2.82505 2
2.79025 2
2.75748 2
2.72665 2
2.69768 2
2.67047 2
2.64495 2
2.62106 2
2.59872 2
2.57787 2
2.55848 2
2.54047 2
2.52382 2
2.50847 2
