11.9977 4
11.9508 4
11.9108 4
11.8774 4
11.8507 4
11.8304 4
11.8165 4
11.8091 4
11.8081 4
11.8135 4
11.8252 4
11.8435 4
11.8682 4
11.8994 4
11.9373 4
11.9819 4
12.0334 4
12.0919 4
12.1576 4
12.2307 4
12.3114 4
12.3998 4
12.4964 4
12.6014 4
12.715 4
12.8378 4
6.49726 1
6.28739 1
6.16372 1
6.08466 1
6.03679 1
6.01438 1
6.01517 1
6.03926 1
6.08907 1
6.17067 1
6.2984 1
6.51841 1
15.5127 4
15.8306 4
16.1709 4
16.5352 4
16.9257 4
17.0547 4
16.6982 4
16.3651 4
16.0535 4
15.7619 4
15.4889 4
15.2334 4
14.9941 4
14.7701 4
14.5604 4
14.3643 4
14.1809 4
14.0097 4
13.8499 4
13.7011 4
13.5627 4
13.4343 4
