0.737251 2
0.733839 2
0.730777 2
0.728058 2
0.725676 2
0.723626 2
0.721903 2
0.720503 2
0.719423 2
0.71866 2
0.718214 2
0.718083 2
0.718266 2
0.718764 2
0.719579 2
0.720712 2
0.722165 2
0.723942 2
0.726047 2
0.728484 2
0.731259 2
0.734378 2
0.737848 2
0.741679 2
0.745877 2
0.750455 2
0.755421 2
0.76079 2
0.766574 2
0.772787 2
0.779447 2
0.786569 2
0.794175 2
0.802284 2
0.810919 2
0.820105 2
0.829871 2
0.840243 2
0.851256 2
0.862945 2
0.875348 2
0.888508 2
0.902471 2
0.917288 2
0.933015 2
0.949715 2
0.967456 2
0.986312 2
1.00637 2
1.02771 2
