13.5132 4
13.2935 4
13.0877 4
12.895 4
12.7148 4
12.5462 4
12.3886 4
12.2415 4
12.1043 4
11.9765 4
11.8578 4
11.7476 4
11.6458 4
11.5519 4
11.4657 4
11.3868 4
11.3151 4
11.2503 4
11.1924 4
11.141 4
11.096 4
11.0574 4
11.0249 4
10.9986 4
10.9784 4
10.9641 4
10.9558 4
10.9534 4
10.957 4
10.9665 4
10.9819 4
11.0034 4
11.0309 4
11.0646 4
11.1045 4
11.1507 4
11.2034 4
11.2627 4
11.3289 4
11.402 4
11.4823 4
11.57 4
11.6655 4
11.769 4
11.8808 4
12.0013 4
12.1309 4
12.2701 4
12.4192 4
12.579 4
12.7499 4
12.9325 4
13.1277 4
13.3362 4
13.5589 4
13.7968 4
14.0509 4
14.3224 4
14.6126 4
14.9231 4
