3.69219 4
3.69247 4
3.69474 4
3.69903 4
3.70533 4
3.71366 4
3.72406 4
3.73653 4
3.75113 4
3.76789 4
3.78685 4
3.80808 4
3.83163 4
3.85758 4
3.88599 4
3.91696 4
3.95059 4
3.98697 4
4.02623 4
4.06848 4
4.11389 4
4.1626 4
4.21478 4
4.27063 4
4.33035 4
4.39417 4
4.46236 4
4.53518 4
4.61296 4
4.69604 4
4.7848 4
4.87967 4
4.98113 4
5.08971 4
5.20601 4
5.3307 4
5.46454 4
5.60838 4
5.7632 4
5.93012 4
6.11039 4
6.30548 4
6.51709 4
6.74716 4
6.99801 4
7.27231 4
7.57325 4
7.90464 4
8.27103 4
8.67797 4
9.13221 4
9.64214 4
10.2182 4
10.8738 4
11.626 4
12.4972 4
13.5175 4
14.7279 4
16.186 4
16.6604 4
