0.796032 2
0.78931 2
0.783042 2
0.77721 2
0.7718 2
0.766798 2
0.762193 2
0.757973 2
0.754128 2
0.750649 2
0.747528 2
0.744758 2
0.742333 2
0.740246 2
0.738494 2
0.737072 2
0.735978 2
0.735209 2
0.734763 2
0.734639 2
0.734837 2
0.735358 2
0.736202 2
0.737371 2
0.738869 2
0.740698 2
0.742862 2
0.745367 2
0.748217 2
0.75142 2
0.754982 2
0.758913 2
0.763221 2
0.767917 2
0.773011 2
0.778517 2
0.784449 2
0.79082 2
0.797649 2
0.804952 2
0.812749 2
0.821062 2
0.829914 2
0.839332 2
0.849341 2
0.859974 2
0.871264 2
0.883246 2
0.895959 2
0.909449 2
