-0.135891 1
-0.130777 1
-0.126028 1
-0.121609 1
-0.117496 1
-0.11366 1
-0.110081 1
-0.106735 1
-0.103606 1
-0.100675 1
-0.0979275 1
-0.0953493 1
-0.092927 1
-0.09065 1
-0.0885071 1
-0.0864894 1
-0.0845875 1
-0.0827942 1
-0.0811016 1
-0.0795038 1
-0.0779942 1
-0.0765677 1
-0.075219 1
-0.0739436 1
-0.0727372 1
-0.0715957 1
-0.0705159 1
-0.0694942 1
-0.0685277 1
-0.0676134 1
-0.0667489 1
-0.0659317 1
-0.0651597 1
-0.0644307 1
-0.0637429 1
-0.0630945 1
-0.062484 1
-0.0619098 1
-0.0613706 1
-0.0608651 1
-0.0603921 1
-0.0599507 1
-0.0595397 1
-0.0591583 1
-0.0588056 1
-0.0584809 1
-0.0581835 1
-0.0579127 1
-0.0576681 1
-0.057449 1
