10 0
10 0
10 0
10 0
10 0
0.677269 1
0.615547 1
0.573846 1
0.541839 1
0.515798 1
0.493876 1
0.475001 1
0.458486 1
0.443864 1
0.430795 1
0.41903 1
0.408377 1
0.398683 1
0.389827 1
0.381711 1
0.374254 1
0.367387 1
0.361054 1
0.355205 1
0.349799 1
0.3448 1
0.340176 1
0.335902 1
0.331952 1
0.328306 1
0.324945 1
0.321854 1
0.319018 1
0.316423 1
0.31406 1
0.311917 1
0.309987 1
0.308262 1
0.306734 1
0.305399 1
0.304251 1
0.303286 1
0.3025 1
0.301891 1
0.301457 1
0.301195 1
0.301105 1
0.301188 1
0.301442 1
0.301869 1
