14.1181 4
14.0094 4
13.9098 4
13.819 4
13.7368 4
13.6629 4
13.5971 4
13.5393 4
13.4891 4
13.4467 4
13.4117 4
13.3841 4
13.3638 4
13.3508 4
13.3451 4
13.3465 4
13.3552 4
13.3712 4
13.3944 4
13.425 4
13.463 4
13.5086 4
13.5618 4
13.6229 4
13.692 4
13.7692 4
13.8549 4
13.9492 4
14.0525 4
14.165 4
14.2872 4
14.4193 4
14.5619 4
14.7153 4
14.8802 4
15.057 4
15.2464 4
15.4491 4
15.6659 4
15.8976 4
16.1451 4
16.4094 4
16.6917 4
16.9932 4
17.3154 4
17.6598 4
18.028 4
18.4222 4
18.429 4
18.0136 4
17.626 4
17.2638 4
16.9251 4
16.6083 4
16.3118 4
16.0342 4
15.7743 4
15.531 4
15.3032 4
15.09 4
