11.8427 4
11.916 4
11.9967 4
12.0852 4
12.1816 4
12.2862 4
12.3994 4
12.5216 4
12.6531 4
12.7944 4
12.946 4
13.1084 4
13.2821 4
13.468 4
13.6666 4
13.8787 4
14.1054 4
14.3474 4
14.6059 4
14.8821 4
15.1773 4
15.493 4
15.8309 4
16.1928 4
16.5809 4
16.7173 4
16.3729 4
16.051 4
15.7498 4
15.4679 4
15.204 4
14.9569 4
14.7256 4
14.509 4
14.3063 4
14.1168 4
13.9396 4
13.7742 4
13.62 4
13.4764 4
13.3429 4
13.2191 4
13.1046 4
12.9991 4
12.9022 4
12.8136 4
12.733 4
12.6603 4
12.5951 4
12.5374 4
12.4869 4
12.4435 4
12.4071 4
12.3776 4
12.355 4
12.339 4
12.3298 4
12.3272 4
12.3313 4
12.3421 4
