3.46426 4
3.49351 4
3.52518 4
3.55937 4
3.59619 4
3.63578 4
3.67826 4
3.72378 4
3.7725 4
3.82462 4
3.88032 4
3.93984 4
4.0034 4
4.07129 4
4.14381 4
4.22127 4
4.30407 4
4.3926 4
4.48732 4
4.58876 4
4.69749 4
4.81417 4
4.93953 4
5.07441 4
5.21976 4
5.37669 4
5.54644 4
5.73045 4
5.93041 4
6.14828 4
6.38635 4
6.64735 4
6.93449 4
7.25167 4
7.60356 4
7.99588 4
8.43571 4
8.93186 4
9.49547 4
10.1409 4
10.8867 4
11.7578 4
12.788 4
14.0243 4
15.5346 4
17.42 4
17.6282 4
17.5646 4
17.511 4
17.4671 4
17.4328 4
17.408 4
17.3927 4
17.3869 4
17.3904 4
17.4034 4
17.4258 4
17.4578 4
17.4993 4
17.5506 4
