0.730928 1
0.728626 1
0.726893 1
0.72572 1
0.725099 1
0.725027 1
0.725504 1
0.726531 1
0.728116 1
0.730268 1
0.732999 1
0.736325 1
0.740268 1
0.744853 1
0.75011 1
0.756075 1
0.762791 1
0.770308 1
0.778688 1
0.788002 1
0.798335 1
0.80979 1
0.822492 1
0.836595 1
0.852289 1
0.869815 1
0.889484 1
0.911708 1
0.909625 2
0.895642 2
0.882464 2
0.870044 2
0.858339 2
0.847311 2
0.836926 2
0.827149 2
0.817952 2
0.809309 2
0.801194 2
0.793585 2
0.78646 2
0.7798 2
0.773588 2
0.767809 2
0.762446 2
0.757488 2
0.752921 2
0.748735 2
0.744921 2
0.741468 2
