3.19016 1
3.19394 1
3.20511 1
3.22407 1
3.25159 1
3.2889 1
3.33802 1
3.40233 1
3.48818 1
3.61007 1
3.82518 1
13.8138 4
13.7761 4
13.746 4
13.7235 4
13.7084 4
13.7008 4
13.7006 4
13.7078 4
13.7224 4
13.7445 4
13.7742 4
13.8114 4
13.8564 4
13.9092 4
13.97 4
14.039 4
14.1163 4
14.2023 4
14.297 4
14.4009 4
14.5142 4
14.6372 4
14.7705 4
14.9143 4
15.0692 4
15.2356 4
15.4143 4
15.6057 4
15.8105 4
16.0296 4
16.2638 4
16.514 4
16.7813 4
17.0667 4
17.0815 4
16.5911 4
16.1366 4
15.7145 4
15.3221 4
14.9566 4
14.6159 4
14.298 4
14.001 4
13.7233 4
13.4636 4
13.2206 4
12.9931 4
12.7801 4
12.5806 4
