6.07509 1
6.33416 1
15.6498 4
15.4234 4
15.2115 4
15.0134 4
14.8283 4
14.6555 4
14.4945 4
14.3446 4
14.2054 4
14.0765 4
13.9573 4
13.8476 4
13.7469 4
13.6551 4
13.5717 4
13.4967 4
13.4296 4
13.3705 4
13.319 4
13.2751 4
13.2386 4
13.2094 4
13.1875 4
13.1727 4
13.1651 4
13.1647 4
13.1713 4
13.1851 4
13.2061 4
13.2344 4
13.2699 4
13.3128 4
13.3633 4
13.4215 4
13.4875 4
13.5615 4
13.6437 4
13.7345 4
13.8339 4
13.9425 4
14.0604 4
14.1881 4
14.3259 4
14.4743 4
14.6339 4
14.8051 4
14.9885 4
15.1849 4
15.3949 4
15.6194 4
15.8592 4
16.1154 4
16.389 4
16.6813 4
16.9935 4
17.3271 4
17.6839 4
18.0657 4
