10.1889 4
10.3878 4
10.6004 4
10.8279 4
11.0716 4
11.3327 4
11.6128 4
11.9137 4
12.2375 4
12.5864 4
12.9629 4
13.3701 4
13.8115 4
14.2909 4
14.8132 4
15.3837 4
16.009 4
16.6966 4
17.4558 4
18.2978 4
19.236 4
20 0
20 0
20 0
20 0
20 0
20 0
10.5567 2
10.0284 2
9.84201 2
9.7501 2
9.72217 2
9.75163 2
9.84548 2
10.0354 2
10.6407 2
20 0
20 0
20 0
20 0
20 0
20 0
20 0
20 0
5.63607 1
5.32825 1
5.17734 1
5.07845 1
5.01071 1
4.96567 1
4.93923 1
4.92938 1
4.93544 1
4.95782 1
4.99818 1
5.05999 1
5.15032 1
5.28549 1
5.52634 1
20 0
