-0.940069 1
-0.941304 1
-0.942565 1
-0.94385 1
-0.94516 1
-0.946493 1
-0.94785 1
-0.949229 1
-0.950631 1
-0.952054 1
-0.953499 1
-0.954964 1
-0.95645 1
-0.957955 1
-0.959479 1
-0.961021 1
-0.962581 1
-0.964159 1
-0.965753 1
-0.967363 1
-0.968988 1
-0.970628 1
-0.972282 1
-0.973949 1
-0.975629 1
-0.977322 1
-0.979025 1
-0.980739 1
-0.982462 1
-0.984195 1
-0.985936 1
-0.987685 1
-0.989441 1
-0.991203 1
-0.99297 1
-0.994742 1
0.0388623 4
0.0392481 4
0.0396593 4
0.0400969 4
0.0405622 4
0.0410567 4
0.0415818 4
0.0421393 4
0.0427308 4
0.0433585 4
0.0440245 4
0.0447312 4
0.0454812 4
0.0462774 4
