5.69856 1
5.83193 1
6.06609 1
15.3396 4
15.6832 4
16.0515 4
16.4466 4
16.871 4
17.0153 4
16.6895 4
16.3846 4
16.0992 4
15.832 4
15.5819 4
15.3477 4
15.1284 4
14.9234 4
14.7316 4
14.5525 4
14.3854 4
14.2297 4
14.0849 4
13.9505 4
13.826 4
13.7111 4
13.6053 4
13.5084 4
13.4202 4
13.3402 4
13.2683 4
13.2043 4
13.148 4
13.0992 4
13.0578 4
13.0237 4
12.9968 4
12.977 4
12.9642 4
12.9585 4
12.9598 4
12.9681 4
12.9835 4
13.0059 4
13.0355 4
13.0723 4
13.1165 4
13.168 4
13.2272 4
13.2941 4
13.369 4
13.452 4
13.5435 4
13.6436 4
13.7528 4
13.8712 4
13.9993 4
14.1376 4
14.2864 4
14.4463 4
14.6178 4
