4.2855 4
4.31009 4
4.33733 4
4.36729 4
4.40007 4
4.43575 4
4.47446 4
4.51632 4
4.56146 4
4.61003 4
4.66219 4
4.71813 4
4.77805 4
4.84216 4
4.9107 4
4.98395 4
5.0622 4
5.14577 4
5.23503 4
5.33037 4
5.43224 4
5.54114 4
5.65762 4
5.78229 4
5.91586 4
6.05909 4
6.21288 4
6.37822 4
6.55625 4
6.74825 4
6.95571 4
7.18035 4
7.42412 4
7.68934 4
7.97868 4
8.29531 4
8.64299 4
9.02617 4
9.45026 4
9.92179 4
10.4488 4
11.0413 4
11.7116 4
12.4759 4
13.3546 4
14.3747 4
15.5728 4
16.9988 4
18.7233 4
19.2803 4
19.1943 4
19.1194 4
19.0553 4
19.0019 4
18.959 4
18.9265 4
18.9044 4
18.8925 4
18.8908 4
18.8993 4
