10.0607 4
10.2296 4
10.41 4
10.6026 4
10.8085 4
11.0287 4
11.2642 4
11.5164 4
11.7866 4
12.0765 4
12.3879 4
12.7228 4
13.0837 4
13.4731 4
13.8941 4
14.3504 4
14.8459 4
15.3854 4
15.9747 4
16.6202 4
17.3298 4
18.113 4
18.9811 4
19.9479 4
20 0
20 0
20 0
20 0
20 0
10.2109 2
9.92671 2
9.78955 2
9.72817 2
9.72601 2
9.78256 2
9.91272 2
10.1788 2
20 0
20 0
20 0
20 0
20 0
20 0
5.72897 1
5.34023 1
5.17944 1
5.07552 1
5.00435 1
4.95658 1
4.92773 1
4.91558 1
4.91929 1
4.93909 1
4.97644 1
5.03444 1
5.11933 1
5.24507 1
5.45725 1
20 0
20 0
