9.4673 4
9.24557 4
9.03876 4
8.84569 4
8.66528 4
8.49658 4
8.33876 4
8.19104 4
8.05274 4
7.92325 4
7.80202 4
7.68853 4
7.58235 4
7.48304 4
7.39025 4
7.30364 4
7.2229 4
7.14774 4
7.07793 4
7.01322 4
6.95341 4
6.89831 4
6.84776 4
6.80159 4
6.75967 4
6.72188 4
6.68811 4
6.65826 4
6.63225 4
6.61 4
6.59146 4
6.57657 4
6.56528 4
6.55758 4
6.55344 4
6.55284 4
6.55579 4
6.56229 4
6.57237 4
6.58605 4
6.60336 4
6.62436 4
6.6491 4
6.67765 4
6.71009 4
6.74652 4
6.78703 4
6.83175 4
6.88082 4
6.93437 4
6.99258 4
7.05561 4
7.12369 4
7.19702 4
7.27586 4
7.36046 4
7.45114 4
7.54821 4
7.65204 4
7.76303 4
