3.41929 4
3.44911 4
3.48135 4
3.51612 4
3.55354 4
3.59372 4
3.63681 4
3.68297 4
3.73236 4
3.78516 4
3.84159 4
3.90187 4
3.96626 4
4.03502 4
4.10847 4
4.18695 4
4.27084 4
4.36057 4
4.45661 4
4.55951 4
4.66985 4
4.78832 4
4.91568 4
5.05282 4
5.20072 4
5.36052 4
5.53355 4
5.72131 4
5.92559 4
6.14844 4
6.3923 4
6.66006 4
6.95516 4
7.28173 4
7.64484 4
8.05063 4
8.50679 4
9.02291 4
9.61123 4
10.2876 4
11.0728 4
11.9948 4
13.092 4
14.4187 4
16.0543 4
17.35 4
17.2821 4
17.2241 4
17.1757 4
17.1368 4
17.1074 4
17.0873 4
17.0764 4
17.0748 4
17.0824 4
17.0993 4
17.1255 4
17.1611 4
17.2062 4
17.2608 4
