-0.0045206 1
-0.00446242 1
-0.00440764 1
-0.00435609 1
-0.00430751 1
-0.00426191 1
-0.00421906 1
-0.00417888 1
-0.00414121 1
-0.00410604 1
-0.0040732 1
-0.00404263 1
-0.00401425 1
-0.00398797 1
-0.00396377 1
-0.0039416 1
-0.00392133 1
-0.00390297 1
-0.00388646 1
-0.00387186 1
-0.00385892 1
-0.00384784 1
-0.00383842 1
-0.00383073 1
-0.00382477 1
-0.00382048 1
-0.00381786 1
-0.0038169 1
-0.00381762 1
-0.00382006 1
-0.00382406 1
-0.00382984 1
-0.00383723 1
-0.00384641 1
-0.00385725 1
-0.00386989 1
-0.00388432 1
-0.00390053 1
-0.00391865 1
-0.00393862 1
-0.00396055 1
-0.00398445 1
-0.00401044 1
-0.00403851 1
-0.00406879 1
-0.00410134 1
-0.00413615 1
-0.00417346 1
-0.00421327 1
-0.00425571 1
