10.4006 4
10.5714 4
10.7537 4
10.9484 4
11.1565 4
11.3789 4
11.6168 4
11.8714 4
12.1441 4
12.4365 4
12.7504 4
13.0879 4
13.4512 4
13.8429 4
14.266 4
14.7241 4
15.2211 4
15.7616 4
16.351 4
16.9959 4
17.7036 4
18.4833 4
19.3458 4
20 0
20 0
20 0
20 0
20 0
10.2885 2
9.92745 2
9.76642 2
9.68911 2
9.67265 2
9.71325 2
9.82083 2
10.036 2
20 0
20 0
20 0
20 0
5.58669 1
5.34102 1
5.20434 1
5.11333 1
5.05127 1
5.01099 1
4.98897 1
4.98357 1
4.99441 1
5.02226 1
5.06927 1
5.13991 1
5.24343 1
5.40369 1
5.78021 1
20 0
20 0
20 0
20 0
20 0
