0.636859 1
0.623256 1
0.61094 1
0.599753 1
0.589565 1
0.580274 1
0.571789 1
0.564039 1
0.55696 1
0.550499 1
0.544613 1
0.539261 1
0.53441 1
0.530032 1
0.526101 1
0.522596 1
0.519499 1
0.516792 1
0.514464 1
0.512501 1
0.510896 1
0.509641 1
0.508728 1
0.508156 1
0.50792 1
0.50802 1
0.508456 1
0.509231 1
0.510347 1
0.51181 1
0.513627 1
0.515806 1
0.518358 1
0.521296 1
0.524634 1
0.52839 1
0.532585 1
0.537241 1
0.542387 1
0.548053 1
0.554276 1
0.561099 1
0.568571 1
0.576751 1
0.585707 1
0.59552 1
0.606289 1
0.618131 1
0.631193 1
0.645656 1
