13.5458 4
13.5395 4
13.5405 4
13.5489 4
13.5646 4
13.5877 4
13.6183 4
13.6564 4
13.7022 4
13.7557 4
13.8172 4
13.8868 4
13.9646 4
14.051 4
14.1461 4
14.2504 4
14.364 4
14.4873 4
14.6207 4
14.7647 4
14.9196 4
15.0862 4
15.2648 4
15.4562 4
15.661 4
15.88 4
16.1141 4
16.3641 4
16.6312 4
16.9165 4
17.2211 4
17.5467 4
17.8946 4
18.2667 4
18.6649 4
18.5492 4
18.13 4
17.7387 4
17.3731 4
17.0314 4
16.7116 4
16.4124 4
16.1323 4
15.87 4
15.6244 4
15.3945 4
15.1794 4
14.9782 4
14.7901 4
14.6146 4
14.4508 4
14.2984 4
14.1567 4
14.0253 4
13.9038 4
13.7917 4
13.6888 4
13.5947 4
13.5092 4
13.4319 4
