14.2853 4
14.456 4
14.6389 4
14.8345 4
15.0438 4
15.2674 4
15.5062 4
15.5893 4
15.1048 4
14.6572 4
14.2429 4
13.8586 4
13.5016 4
13.1695 4
12.8602 4
12.5716 4
12.3023 4
12.0506 4
11.8153 4
11.5952 4
11.3891 4
11.1962 4
11.0156 4
10.8465 4
10.6882 4
10.5401 4
10.4016 4
10.2721 4
10.1513 4
10.0386 4
9.93375 4
9.83632 4
9.74599 4
9.66249 4
9.58555 4
9.51494 4
9.45043 4
9.39183 4
9.33898 4
9.29172 4
9.24991 4
9.21344 4
9.1822 4
9.15612 4
9.1351 4
9.11911 4
9.10809 4
9.10201 4
9.10086 4
9.10464 4
9.11335 4
9.12702 4
9.14569 4
9.1694 4
9.19823 4
9.23225 4
9.27155 4
9.31626 4
9.36648 4
9.42238 4
