0.834089 1
0.837309 1
0.841253 1
0.845949 1
0.851432 1
0.85774 1
0.864923 1
0.873041 1
0.882163 1
0.892374 1
0.903776 1
0.916493 1
0.930676 1
0.946516 1
0.96425 1
0.984182 1
0.992861 2
0.974785 2
0.957768 2
0.941739 2
0.926638 2
0.912407 2
0.898995 2
0.886354 2
0.874441 2
0.863217 2
0.852647 2
0.842697 2
0.833338 2
0.824542 2
0.816283 2
0.808539 2
0.801289 2
0.794512 2
0.788192 2
0.782311 2
0.776855 2
0.771811 2
0.767165 2
0.762908 2
0.759029 2
0.755518 2
0.752367 2
0.74957 2
0.74712 2
0.745011 2
0.743239 2
0.741799 2
0.740689 2
0.739906 2
