17.5093 4
17.2115 4
16.9326 4
16.6714 4
16.427 4
16.1983 4
3.67642 1
3.48746 1
3.37366 1
3.29219 1
3.23062 1
3.18328 1
3.14707 1
3.12014 1
3.10133 1
3.08991 1
3.08548 1
3.0879 1
3.09723 1
3.11382 1
3.13826 1
3.17159 1
3.2154 1
3.27237 1
3.34715 1
3.44934 1
3.60627 1
13.9713 4
13.9689 4
13.974 4
13.9866 4
14.0069 4
14.0349 4
14.0706 4
14.1141 4
14.1656 4
14.2251 4
14.293 4
14.3693 4
14.4543 4
14.5482 4
14.6513 4
14.764 4
14.8865 4
15.0192 4
15.1626 4
15.3172 4
15.4834 4
15.6618 4
15.853 4
16.0577 4
16.2768 4
16.5109 4
16.7611 4
17.0283 4
17.3137 4
17.6186 4
17.4197 4
16.9358 4
16.4867 4
