-0.179694 1
-0.178615 1
-0.17761 1
-0.176678 1
-0.175818 1
-0.175029 1
-0.174308 1
-0.173655 1
-0.173068 1
-0.172548 1
-0.172092 1
-0.171701 1
-0.171373 1
-0.171109 1
-0.170907 1
-0.170768 1
-0.17069 1
-0.170675 1
-0.170722 1
-0.170831 1
-0.171002 1
-0.171236 1
-0.171533 1
-0.171893 1
-0.172317 1
-0.172805 1
-0.173359 1
-0.17398 1
-0.174667 1
-0.175423 1
-0.176248 1
-0.177145 1
-0.178114 1
-0.179156 1
-0.180275 1
-0.181471 1
-0.182746 1
-0.184103 1
-0.185545 1
-0.187073 1
-0.18869 1
-0.190399 1
-0.192203 1
-0.194106 1
-0.19611 1
-0.19822 1
-0.20044 1
-0.202773 1
-0.205224 1
-0.207798 1
