7.38481 4
9.21533 4
9.20405 4
9.19777 4
9.19647 4
9.20015 4
9.20881 4
9.22248 4
9.2412 4
9.26502 4
9.29401 4
9.32823 4
9.3678 4
9.41282 4
9.46341 4
9.51973 4
9.58194 4
9.65023 4
9.72479 4
9.80586 4
9.89368 4
9.98855 4
10.0908 4
10.2007 4
10.3186 4
10.4451 4
10.5805 4
10.7253 4
10.8801 4
11.0455 4
11.2222 4
11.4108 4
11.6124 4
11.8276 4
12.0577 4
12.3037 4
12.5669 4
12.8486 4
13.1506 4
13.4746 4
13.8226 4
14.1969 4
14.6003 4
15.0355 4
15.5062 4
16.0162 4
16.5702 4
17.1735 4
17.8324 4
18.5543 4
19.348 4
20 0
20 0
20 0
20 0
20 0
20 0
20 0
7.57103 2
7.24211 2
