13.3926 4
13.1811 4
12.9831 4
12.7977 4
12.6243 4
12.4622 4
12.3107 4
12.1695 4
12.0378 4
11.9154 4
11.8017 4
11.6964 4
11.5993 4
11.5099 4
11.428 4
11.3534 4
11.2857 4
11.225 4
11.1709 4
11.1233 4
11.0821 4
11.0471 4
11.0183 4
10.9956 4
10.9789 4
10.9682 4
10.9634 4
10.9645 4
10.9716 4
10.9847 4
11.0037 4
11.0288 4
11.06 4
11.0974 4
11.1411 4
11.1912 4
11.2479 4
11.3113 4
11.3816 4
11.459 4
11.5438 4
11.6362 4
11.7365 4
11.8449 4
11.962 4
12.088 4
12.2233 4
12.3685 4
12.524 4
12.6905 4
12.8684 4
13.0586 4
13.2618 4
13.4789 4
13.7106 4
13.9582 4
14.2228 4
14.5055 4
14.8079 4
15.1315 4
