13.6296 4
13.7939 4
13.9699 4
14.1581 4
14.3594 4
14.5744 4
14.8042 4
14.3707 4
13.9273 4
13.5175 4
13.138 4
12.786 4
12.4589 4
12.1545 4
11.871 4
11.6064 4
11.3595 4
11.1287 4
10.9129 4
10.711 4
10.522 4
10.3451 4
10.1794 4
10.0243 4
9.8791 4
9.74325 4
9.61623 4
9.49754 4
9.38676 4
9.2835 4
9.18741 4
9.09815 4
9.01545 4
8.93902 4
8.86864 4
8.80408 4
8.74515 4
8.69168 4
8.6435 4
8.60049 4
8.5625 4
8.52945 4
8.50123 4
8.47777 4
8.459 4
8.44487 4
8.43534 4
8.43039 4
8.43001 4
8.43419 4
8.44294 4
8.45629 4
8.47427 4
8.49693 4
8.52434 4
8.55658 4
8.59372 4
8.63588 4
8.68317 4
8.73574 4
