9.94411 4
10.1472 4
10.3645 4
10.5971 4
10.8465 4
11.114 4
11.4013 4
11.7105 4
12.0435 4
12.403 4
12.7917 4
13.2129 4
13.6705 4
14.1688 4
14.7131 4
15.3095 4
15.9653 4
16.6892 4
17.4918 4
18.386 4
19.3875 4
20 0
20 0
20 0
20 0
20 0
20 0
20 0
10.5931 2
9.99815 2
9.80852 2
9.7145 2
9.68453 2
9.71151 2
9.80177 2
9.98475 2
10.4736 2
20 0
20 0
20 0
20 0
20 0
20 0
20 0
20 0
20 0
20 0
5.68653 1
5.4005 1
5.25355 1
5.15699 1
5.0912 1
5.04813 1
5.02387 1
5.01655 1
5.02564 1
5.05182 1
5.09709 1
5.1657 1
5.2664 1
