-0.07397 1
-0.0732267 1
-0.0725266 1
-0.0718679 1
-0.0712492 1
-0.0706691 1
-0.0701261 1
-0.0696192 1
-0.0691471 1
-0.068709 1
-0.0683038 1
-0.0679306 1
-0.0675889 1
-0.0672777 1
-0.0669964 1
-0.0667446 1
-0.0665217 1
-0.0663273 1
-0.0661609 1
-0.0660223 1
-0.0659111 1
-0.0658272 1
-0.0657704 1
-0.0657406 1
-0.0657377 1
-0.0657617 1
-0.0658127 1
-0.0658908 1
-0.0659961 1
-0.0661287 1
-0.0662891 1
-0.0664775 1
-0.0666943 1
-0.0669398 1
-0.0672147 1
-0.0675194 1
-0.0678546 1
-0.0682209 1
-0.0686191 1
-0.0690502 1
-0.0695148 1
-0.0700142 1
-0.0705493 1
-0.0711213 1
-0.0717316 1
-0.0723816 1
-0.0730727 1
-0.0738065 1
-0.0745849 1
-0.0754098 1
