-0.626858 1
-0.629871 1
-0.633003 1
-0.636253 1
-0.639622 1
-0.643111 1
-0.646721 1
-0.650452 1
-0.654304 1
-0.658279 1
-0.662377 1
-0.666599 1
-0.670945 1
-0.675416 1
-0.680013 1
-0.684735 1
-0.689584 1
-0.694558 1
-0.69966 1
-0.704889 1
-0.710245 1
-0.715728 1
-0.721339 1
-0.727077 1
-0.732943 1
-0.738936 1
-0.745055 1
-0.751301 1
-0.757672 1
-0.764169 1
-0.77079 1
-0.777534 1
-0.784401 1
-0.791389 1
-0.798497 1
-0.805725 1
-0.813069 1
-0.820529 1
-0.828102 1
-0.835787 1
-0.84358 1
-0.851481 1
-0.859487 1
-0.867594 1
-0.875801 1
-0.884103 1
-0.892499 1
-0.900984 1
-0.909555 1
0.0383191 4
