-0.263758 1
-0.262846 1
-0.262025 1
-0.261291 1
-0.260646 1
-0.260086 1
-0.259613 1
-0.259226 1
-0.258923 1
-0.258705 1
-0.258571 1
-0.258521 1
-0.258555 1
-0.258673 1
-0.258875 1
-0.259162 1
-0.259533 1
-0.25999 1
-0.260533 1
-0.261162 1
-0.261879 1
-0.262683 1
-0.263578 1
-0.264562 1
-0.265638 1
-0.266808 1
-0.268072 1
-0.269432 1
-0.27089 1
-0.272448 1
-0.274108 1
-0.275872 1
-0.277742 1
-0.279721 1
-0.281812 1
-0.284017 1
-0.286339 1
-0.288782 1
-0.291348 1
-0.294042 1
-0.296866 1
-0.299824 1
-0.302922 1
-0.306162 1
-0.309549 1
-0.313089 1
-0.316785 1
-0.320643 1
-0.324668 1
-0.328866 1
