1.03605 1
1.05176 1
1.06941 1
1.07342 2
1.04944 2
1.02694 2
1.00582 2
0.985979 2
0.967318 2
0.949759 2
0.933227 2
0.917656 2
0.902985 2
0.88916 2
0.876128 2
0.863847 2
0.852274 2
0.841371 2
0.831102 2
0.821437 2
0.812346 2
0.803803 2
0.795782 2
0.788262 2
0.781222 2
0.774642 2
0.768506 2
0.762799 2
0.757505 2
0.752612 2
0.748107 2
0.74398 2
0.740221 2
0.736821 2
0.733772 2
0.731067 2
0.7287 2
0.726666 2
0.72496 2
0.723578 2
0.722517 2
0.721776 2
0.721352 2
0.721244 2
0.721452 2
0.721976 2
0.722819 2
0.723981 2
0.725465 2
0.727275 2
