4.65665 4
4.68589 4
4.71808 4
4.7533 4
4.79167 4
4.83329 4
4.87831 4
4.92686 4
4.97911 4
5.03523 4
5.09542 4
5.15989 4
5.22888 4
5.30264 4
5.38147 4
5.46568 4
5.55562 4
5.65168 4
5.75429 4
5.86392 4
5.98111 4
6.10645 4
6.2406 4
6.38431 4
6.53842 4
6.70386 4
6.88172 4
7.0732 4
7.27969 4
7.50278 4
7.7443 4
8.00637 4
8.29143 4
8.60236 4
8.94256 4
9.31601 4
9.7275 4
10.1828 4
10.6889 4
11.2543 4
11.8896 4
12.6082 4
13.427 4
14.3679 4
15.4595 4
16.7404 4
18.2636 4
19.8147 4
19.7145 4
19.6258 4
19.5485 4
19.4822 4
19.4269 4
19.3824 4
19.3485 4
19.3252 4
19.3123 4
19.3099 4
19.318 4
19.3365 4
