17.5127 4
17.1498 4
16.8105 4
16.4932 4
16.1962 4
15.9182 4
15.6578 4
15.4141 4
15.1859 4
14.9724 4
14.7726 4
14.586 4
14.4116 4
14.249 4
14.0976 4
13.9568 4
13.8262 4
13.7054 4
13.594 4
13.4916 4
13.3979 4
13.3127 4
13.2357 4
13.1666 4
13.1053 4
13.0516 4
13.0054 4
12.9664 4
12.9347 4
12.9101 4
12.8925 4
12.882 4
12.8784 4
12.8818 4
12.8922 4
12.9096 4
12.934 4
12.9656 4
13.0043 4
13.0504 4
13.1039 4
13.165 4
13.2339 4
13.3107 4
13.3958 4
13.4892 4
13.5914 4
13.7026 4
13.8232 4
13.9535 4
14.0941 4
14.2452 4
14.4076 4
14.5816 4
14.768 4
14.9674 4
15.1806 4
15.4084 4
15.6517 4
15.9116 4
