13.7461 4
13.8224 4
13.907 4
14.0004 4
14.1026 4
14.2142 4
14.3353 4
14.4664 4
14.6079 4
14.7602 4
14.9239 4
15.0996 4
15.2878 4
15.4892 4
15.7047 4
15.9349 4
16.1809 4
16.4436 4
16.5617 4
16.0648 4
15.605 4
15.1788 4
14.783 4
14.415 4
14.0722 4
13.7527 4
13.4545 4
13.1758 4
12.9154 4
12.6718 4
12.4437 4
12.2303 4
12.0304 4
11.8433 4
11.6682 4
11.5042 4
11.3509 4
11.2076 4
11.0737 4
10.9489 4
10.8327 4
10.7246 4
10.6244 4
10.5317 4
10.4461 4
10.3675 4
10.2957 4
10.2303 4
10.1712 4
10.1182 4
10.0712 4
10.03 4
9.99453 4
9.9647 4
9.9404 4
9.92158 4
9.90817 4
9.90016 4
9.8975 4
9.9002 4
