15.9201 4
16.1429 4
16.3811 4
16.6355 4
16.9073 4
17.1975 4
17.5075 4
17.8387 4
18.1927 4
18.5714 4
18.8951 4
18.4483 4
18.0318 4
17.6429 4
17.2796 4
16.9399 4
16.6221 4
16.3248 4
16.0464 4
15.7857 4
15.5416 4
15.3132 4
15.0994 4
14.8994 4
14.7125 4
14.538 4
14.3753 4
14.2238 4
14.083 4
13.9525 4
13.8317 4
13.7204 4
13.6182 4
13.5247 4
13.4397 4
13.363 4
13.2943 4
13.2334 4
13.1802 4
13.1345 4
13.0962 4
13.0651 4
13.0412 4
13.0244 4
13.0147 4
13.0121 4
13.0165 4
13.0279 4
13.0465 4
13.0722 4
13.105 4
13.1452 4
12.6289 2
12.4194 2
12.3398 2
12.3535 2
12.4657 2
12.7394 2
13.6428 4
13.7473 4
