14.2882 4
14.4264 4
14.5753 4
14.7354 4
14.9071 4
15.0912 4
15.2882 4
15.499 4
15.7242 4
15.9649 4
16.222 4
16.2759 4
15.7837 4
15.3284 4
14.9065 4
14.5149 4
14.1507 4
13.8117 4
13.4956 4
13.2007 4
12.9253 4
12.6678 4
12.4269 4
12.2016 4
11.9906 4
11.793 4
11.6081 4
11.4349 4
11.2729 4
11.1213 4
10.9796 4
10.8473 4
10.7238 4
10.6088 4
10.5018 4
10.4026 4
10.3107 4
10.226 4
10.148 4
10.0767 4
10.0117 4
9.95292 4
9.90014 4
9.85322 4
9.81202 4
9.77643 4
9.74636 4
9.72171 4
9.70242 4
9.68843 4
9.67972 4
9.67625 4
9.67802 4
9.68503 4
9.6973 4
9.71486 4
9.73777 4
9.76608 4
9.79987 4
9.83923 4
