0.663243 1
0.655705 1
0.648883 1
0.642725 1
0.637191 1
0.632242 1
0.62785 1
0.623985 1
0.620627 1
0.617755 1
0.615355 1
0.613413 1
0.611918 1
0.610864 1
0.610245 1
0.610057 1
0.6103 1
0.610974 1
0.612084 1
0.613635 1
0.615635 1
0.618095 1
0.621028 1
0.62445 1
0.62838 1
0.632843 1
0.637864 1
0.643476 1
0.649715 1
0.656626 1
0.66426 1
0.672676 1
0.681946 1
0.692154 1
0.703402 1
0.715815 1
0.729543 1
0.744774 1
0.76175 1
0.78078 1
0.802281 1
0.826827 1
0.855253 1
0.849132 2
0.839646 2
0.830729 2
0.822356 2
0.814504 2
0.807151 2
0.800277 2
