-0.197101 1
-0.196447 1
-0.195866 1
-0.195356 1
-0.194917 1
-0.194549 1
-0.19425 1
-0.19402 1
-0.193859 1
-0.193767 1
-0.193743 1
-0.193788 1
-0.193901 1
-0.194083 1
-0.194334 1
-0.194655 1
-0.195045 1
-0.195505 1
-0.196037 1
-0.19664 1
-0.197316 1
-0.198066 1
-0.198891 1
-0.199792 1
-0.200771 1
-0.201829 1
-0.202967 1
-0.204188 1
-0.205494 1
-0.206885 1
-0.208366 1
-0.209937 1
-0.211602 1
-0.213364 1
-0.215224 1
-0.217187 1
-0.219255 1
-0.221433 1
-0.223723 1
-0.226129 1
-0.228657 1
-0.231309 1
-0.234092 1
-0.237009 1
-0.240066 1
-0.243269 1
-0.246623 1
-0.250135 1
-0.253811 1
-0.257657 1
