0.0999873 4
0.101172 4
0.102431 4
0.103768 4
0.105187 4
0.106692 4
0.10829 4
0.109985 4
0.111783 4
0.113692 4
0.115719 4
0.117872 4
0.12016 4
0.122594 4
0.125184 4
0.127944 4
0.130886 4
0.134027 4
0.137385 4
0.140978 4
0.144829 4
0.148964 4
0.153411 4
0.158203 4
0.163378 4
0.16898 4
0.175058 4
0.181673 4
0.188894 4
0.196802 4
0.205495 4
0.21509 4
0.225729 4
0.237585 4
0.250871 4
0.265854 4
0.282875 4
0.302363 4
0.324889 4
0.351207 4
0.382347 4
0.419748 4
0.465485 4
0.522667 4
0.596162 4
0.694062 4
0.830883 4
1.03544 4
1.3744 4
2.04462 4
