-0.254398 1
-0.253488 1
-0.252667 1
-0.251931 1
-0.251282 1
-0.250717 1
-0.250237 1
-0.24984 1
-0.249526 1
-0.249294 1
-0.249145 1
-0.249078 1
-0.249093 1
-0.249189 1
-0.249368 1
-0.24963 1
-0.249974 1
-0.250401 1
-0.250911 1
-0.251506 1
-0.252187 1
-0.252953 1
-0.253806 1
-0.254747 1
-0.255778 1
-0.2569 1
-0.258113 1
-0.259421 1
-0.260824 1
-0.262324 1
-0.263924 1
-0.265626 1
-0.267431 1
-0.269343 1
-0.271364 1
-0.273496 1
-0.275743 1
-0.278108 1
-0.280595 1
-0.283205 1
-0.285944 1
-0.288815 1
-0.291822 1
-0.294969 1
-0.298262 1
-0.301703 1
-0.3053 1
-0.309056 1
-0.312977 1
-0.317068 1
