13.4308 4
13.6214 4
13.8251 4
14.0427 4
14.2751 4
14.5233 4
14.7884 4
15.0717 4
15.3745 4
15.6984 4
16.0451 4
16.4166 4
16.815 4
16.518 4
16.182 4
15.8677 4
15.5737 4
15.2985 4
15.0408 4
14.7996 4
14.5738 4
14.3623 4
14.1645 4
13.9795 4
13.8067 4
13.6454 4
13.495 4
13.355 4
13.225 4
13.1046 4
12.9932 4
12.8907 4
12.7966 4
12.7107 4
12.6328 4
12.5625 4
12.4998 4
12.4444 4
12.3961 4
12.3549 4
12.3206 4
12.2931 4
12.2724 4
12.2583 4
12.2509 4
12.2501 4
12.256 4
12.2685 4
12.2877 4
12.3136 4
12.3463 4
12.386 4
12.4326 4
12.4863 4
12.5474 4
12.6159 4
12.692 4
12.776 4
12.8682 4
12.9688 4
