9.88351 4
10.0004 4
10.1255 4
10.2595 4
10.4028 4
10.5559 4
10.7195 4
10.8942 4
11.0809 4
11.2802 4
11.4931 4
11.7208 4
11.9642 4
12.2247 4
12.5037 4
12.8028 4
13.1238 4
13.4689 4
13.8403 4
14.2406 4
14.673 4
15.1409 4
15.6484 4
16.2001 4
16.8016 4
17.4593 4
18.1808 4
18.9753 4
19.8535 4
20 0
20 0
20 0
20 0
20 0
9.44535 2
9.2153 2
9.09614 2
9.04107 2
9.03738 2
9.08433 2
9.19233 2
9.39908 2
5.61465 1
5.41506 1
5.29415 1
5.21287 1
5.15842 1
5.12501 1
5.10981 1
5.11169 1
5.13077 1
5.16852 1
5.22825 1
5.3168 1
5.44985 1
5.68325 1
20 0
20 0
20 0
20 0
