3.40331 4
3.42908 4
3.45713 4
3.48754 4
3.52041 4
3.55585 4
3.59398 4
3.63492 4
3.67881 4
3.72582 4
3.77611 4
3.82988 4
3.88734 4
3.94872 4
4.01427 4
4.08428 4
4.15907 4
4.23898 4
4.32441 4
4.4158 4
4.51362 4
4.61843 4
4.73084 4
4.85155 4
4.98135 4
5.12113 4
5.27192 4
5.43488 4
5.61137 4
5.80296 4
6.01145 4
6.23899 4
6.48808 4
6.7617 4
7.0634 4
7.39747 4
7.76912 4
8.18474 4
8.6523 4
9.18178 4
9.78593 4
10.4813 4
11.2895 4
12.24 4
13.3732 4
14.7464 4
16.4438 4
17.0415 4
16.976 4
16.9201 4
16.8737 4
16.8367 4
16.8088 4
16.7902 4
16.7806 4
16.7802 4
16.7888 4
16.8065 4
16.8334 4
16.8694 4
