0.695319 1
0.658772 1
0.629127 1
0.60421 1
0.582777 1
0.564042 1
0.547466 1
0.532667 1
0.51936 1
0.507324 1
0.496391 1
0.486423 1
0.477309 1
0.468957 1
0.461291 1
0.454247 1
0.44777 1
0.441814 1
0.436338 1
0.431308 1
0.426694 1
0.422469 1
0.418611 1
0.415099 1
0.411915 1
0.409046 1
0.406476 1
0.404195 1
0.402193 1
0.40046 1
0.39899 1
0.397777 1
0.396814 1
0.3961 1
0.39563 1
0.395403 1
0.395418 1
0.395674 1
0.396174 1
0.396919 1
0.397912 1
0.399157 1
0.400659 1
0.402424 1
0.40446 1
0.406776 1
0.409382 1
0.412289 1
0.415511 1
0.419065 1
