6.00684 4
5.92008 4
5.83892 4
5.76302 4
5.69211 4
5.62593 4
5.56425 4
5.50686 4
5.45355 4
5.40416 4
5.35854 4
5.31652 4
5.278 4
5.24284 4
5.21095 4
5.18223 4
5.15661 4
5.13399 4
5.11433 4
5.09757 4
5.08366 4
5.07256 4
5.06424 4
5.05868 4
5.05586 4
5.05578 4
5.05844 4
5.06384 4
5.072 4
5.08294 4
5.09669 4
5.11329 4
5.13279 4
5.15523 4
5.18068 4
5.20922 4
5.24093 4
5.27589 4
5.31422 4
5.35603 4
5.40145 4
5.45062 4
5.50369 4
5.56085 4
5.62228 4
5.6882 4
5.75883 4
5.83443 4
5.91529 4
6.00171 4
6.09404 4
6.19266 4
6.29798 4
6.41048 4
6.53066 4
6.65912 4
6.79647 4
6.94345 4
7.10085 4
7.26957 4
