15.1654 4
15.4483 4
15.7506 4
16.0739 4
15.7508 4
15.3733 4
15.0214 4
14.6931 4
14.3864 4
14.0997 4
13.8316 4
13.5806 4
13.3457 4
13.1258 4
12.9199 4
12.7271 4
12.5467 4
12.3779 4
12.2201 4
12.0728 4
11.9353 4
11.8073 4
11.6882 4
11.5777 4
11.4754 4
11.381 4
11.2943 4
11.2148 4
11.1425 4
11.077 4
11.0182 4
10.9659 4
10.92 4
10.8804 4
10.8469 4
10.8194 4
10.7979 4
10.7823 4
10.7726 4
10.7687 4
10.7706 4
10.7784 4
10.792 4
10.8115 4
10.837 4
10.8684 4
10.906 4
10.9498 4
10.9999 4
11.0564 4
11.1196 4
11.1896 4
11.2667 4
11.351 4
11.4427 4
11.5423 4
11.65 4
11.7662 4
11.8911 4
12.0254 4
