10.4142 4
10.1527 4
9.90919 4
9.68223 4
9.47044 4
9.27262 4
9.08771 4
8.91477 4
8.75292 4
8.60142 4
8.45958 4
8.32677 4
8.20243 4
8.08606 4
7.9772 4
7.87544 4
7.7804 4
7.69173 4
7.60914 4
7.53233 4
7.46105 4
7.39507 4
7.33418 4
7.27819 4
7.22693 4
7.18024 4
7.13799 4
7.10005 4
7.06631 4
7.03668 4
7.01108 4
6.98943 4
6.97167 4
6.95776 4
6.94765 4
6.94132 4
6.93876 4
6.93995 4
6.94489 4
6.95361 4
6.96612 4
6.98247 4
7.00268 4
7.02683 4
7.05497 4
7.08719 4
7.12358 4
7.16424 4
7.20928 4
7.25885 4
7.31309 4
7.37216 4
7.43625 4
7.50556 4
7.58031 4
7.66076 4
7.74716 4
7.83983 4
7.93908 4
8.04529 4
