3.22481 1
3.18424 1
3.1537 1
3.13177 1
3.11756 1
3.11056 1
3.11052 1
3.11745 1
3.13157 1
3.15342 1
3.18386 1
3.22431 1
3.27705 1
3.346 1
3.43877 1
3.57442 1
3.87165 1
13.843 4
13.8213 4
13.807 4
13.8002 4
13.8009 4
13.8091 4
13.8247 4
13.8479 4
13.8787 4
13.9172 4
13.9634 4
14.0176 4
14.0798 4
14.1503 4
14.2293 4
14.3169 4
14.4134 4
14.5192 4
14.6345 4
14.7597 4
14.8951 4
15.0413 4
15.1987 4
15.3679 4
15.5493 4
15.7437 4
15.9518 4
16.1743 4
16.4121 4
16.6662 4
16.9375 4
17.2273 4
17.3108 4
16.8167 4
16.3585 4
15.9331 4
15.5374 4
15.1689 4
14.8253 4
14.5046 4
14.205 4
13.9249 4
13.6629 4
