6.42477 1
6.21263 1
6.08785 1
6.0077 1
5.95851 1
5.93443 1
5.93309 1
5.95434 1
6.00027 1
6.07618 1
6.1943 1
6.39063 1
15.9771 4
15.7171 4
15.4737 4
15.2459 4
15.0326 4
14.8332 4
14.6468 4
14.4728 4
14.3105 4
14.1594 4
14.0189 4
13.8886 4
13.7682 4
13.6571 4
13.555 4
13.4617 4
13.3769 4
13.3003 4
13.2317 4
13.1708 4
13.1176 4
13.0719 4
13.0335 4
13.0023 4
12.9783 4
12.9614 4
12.9515 4
12.9487 4
12.9528 4
12.964 4
12.9822 4
13.0075 4
13.04 4
13.0797 4
13.1268 4
13.1814 4
13.2436 4
13.3137 4
13.3918 4
13.4782 4
13.573 4
13.6767 4
13.7895 4
13.9117 4
14.0438 4
14.1862 4
14.3393 4
14.5037 4
