6.28858 4
6.36133 4
6.4393 4
6.52279 4
6.61209 4
6.70754 4
6.80954 4
6.91848 4
7.03483 4
7.1591 4
7.29186 4
7.43373 4
7.58541 4
7.7477 4
7.92146 4
8.10767 4
8.30746 4
8.52207 4
8.75291 4
9.00162 4
9.27004 4
9.56029 4
9.87482 4
10.2165 4
10.5885 4
10.9949 4
11.4401 4
11.9296 4
12.47 4
13.069 4
13.7363 4
14.4836 4
15.3258 4
16.2812 4
17.3737 4
18.6342 4
20 0
20 0
20 0
20 0
20 0
20 0
20 0
20 0
20 0
20 0
20 0
20 0
20 0
20 0
20 0
20 0
20 0
20 0
9.72861 2
9.53771 2
9.44077 2
9.40572 2
9.4246 2
9.50155 2
