12.1011 2
12.164 2
12.3413 2
12.8445 2
13.7019 4
13.8735 4
14.0571 4
14.2534 4
14.4632 4
14.6874 4
14.9268 4
15.1825 4
15.4556 4
15.7474 4
16.0593 4
15.7615 4
15.3705 4
15.0064 4
14.6669 4
14.35 4
14.0539 4
13.7771 4
13.5181 4
13.2758 4
13.049 4
12.8365 4
12.6377 4
12.4515 4
12.2773 4
12.1143 4
11.962 4
11.8198 4
11.6872 4
11.5637 4
11.449 4
11.3425 4
11.2441 4
11.1533 4
11.0699 4
10.9937 4
10.9243 4
10.8617 4
10.8056 4
10.7559 4
10.7124 4
10.675 4
10.6436 4
10.6181 4
10.5984 4
10.5845 4
10.5764 4
10.574 4
10.5774 4
10.5864 4
10.6013 4
10.6219 4
10.6483 4
10.6807 4
10.7191 4
10.7637 4
