11.5418 4
11.227 4
10.9346 4
10.6627 4
10.4095 4
10.1734 4
9.95304 4
9.74719 4
9.55475 4
9.37473 4
9.20626 4
9.04854 4
8.90087 4
8.76261 4
8.63318 4
8.51205 4
8.39875 4
8.29286 4
8.19398 4
8.10177 4
8.01589 4
7.93607 4
7.86202 4
7.79353 4
7.73036 4
7.67233 4
7.61925 4
7.57097 4
7.52735 4
7.48825 4
7.45357 4
7.4232 4
7.39707 4
7.37509 4
7.35721 4
7.34339 4
7.33357 4
7.32774 4
7.32588 4
7.32798 4
7.33405 4
7.34411 4
7.35819 4
7.37631 4
7.39854 4
7.42493 4
7.45555 4
7.4905 4
7.52987 4
7.57378 4
7.62234 4
7.67572 4
7.73406 4
7.79754 4
7.86637 4
7.94075 4
8.02094 4
8.10719 4
8.19981 4
8.2991 4
