9.48004 4
9.55821 4
9.64293 4
9.73448 4
9.83316 4
9.93929 4
10.0532 4
10.1754 4
10.3062 4
10.4461 4
10.5957 4
10.7556 4
10.9263 4
11.1087 4
11.3035 4
11.5115 4
11.7339 4
11.9715 4
12.2258 4
12.498 4
12.7897 4
13.1026 4
13.4387 4
13.8 4
14.1893 4
14.6093 4
15.0633 4
15.5551 4
16.089 4
16.6703 4
17.3049 4
17.9999 4
18.7635 4
19.6059 4
20 0
20 0
20 0
20 0
20 0
9.23393 2
8.86614 2
8.70018 2
8.61107 2
8.57442 2
8.58314 2
8.63881 2
5.74098 1
5.50161 1
5.36664 1
5.27715 1
5.21697 1
5.17912 1
5.16022 1
5.15882 1
5.17482 1
5.20942 1
5.26563 1
5.34963 1
5.47529 1
5.68731 1
