13.5454 4
13.5348 4
13.5315 4
13.5355 4
13.5468 4
13.5655 4
13.5916 4
13.6252 4
13.6664 4
13.7153 4
13.772 4
13.8367 4
13.9095 4
13.9908 4
14.0806 4
14.1793 4
14.2873 4
14.4047 4
14.532 4
14.6695 4
14.8178 4
14.9773 4
15.1486 4
15.3322 4
15.5288 4
15.7392 4
15.964 4
16.2044 4
16.461 4
16.7352 4
17.028 4
17.3408 4
17.675 4
18.0323 4
18.4145 4
18.8112 4
18.3742 4
17.9666 4
17.586 4
17.2304 4
16.8978 4
16.5866 4
16.2952 4
16.0225 4
15.7672 4
15.5281 4
15.3043 4
15.0949 4
14.8992 4
14.7162 4
14.5456 4
14.3865 4
14.2385 4
14.101 4
13.9737 4
13.856 4
13.7477 4
13.6485 4
13.5579 4
13.4757 4
