0.987299 2
0.969368 2
0.952487 2
0.936587 2
0.921605 2
0.907488 2
0.894182 2
0.881642 2
0.869824 2
0.858691 2
0.848205 2
0.838336 2
0.829053 2
0.820329 2
0.812137 2
0.804458 2
0.797268 2
0.790549 2
0.784284 2
0.778455 2
0.773048 2
0.76805 2
0.763449 2
0.759234 2
0.755393 2
0.751919 2
0.748804 2
0.74604 2
0.743621 2
0.741541 2
0.739797 2
0.738383 2
0.737297 2
0.736537 2
0.7361 2
0.735986 2
0.736195 2
0.736727 2
0.737583 2
0.738765 2
0.740276 2
0.742119 2
0.744298 2
0.746818 2
0.749685 2
0.752905 2
0.756486 2
0.760435 2
0.764764 2
0.76948 2
