5.09621 4
5.13389 4
5.17496 4
5.21953 4
5.26775 4
5.31977 4
5.37577 4
5.43593 4
5.50046 4
5.5696 4
5.64358 4
5.7227 4
5.80725 4
5.89757 4
5.99404 4
6.09708 4
6.20713 4
6.32472 4
6.4504 4
6.58482 4
6.72867 4
6.88275 4
7.04796 4
7.2253 4
7.41591 4
7.62109 4
7.8423 4
8.08124 4
8.33986 4
8.62039 4
8.92544 4
9.25808 4
9.62186 4
10.0211 4
10.4607 4
10.9469 4
11.487 4
12.0901 4
12.7672 4
13.5325 4
14.4037 4
15.4036 4
16.5624 4
17.9202 4
19.532 4
20 0
20 0
20 0
19.9933 4
19.9243 4
19.8664 4
19.8196 4
19.7836 4
19.7585 4
19.7441 4
19.7404 4
19.7474 4
19.765 4
19.7934 4
19.8327 4
