8.57931 4
8.39296 4
8.21888 4
8.05615 4
7.90393 4
7.76147 4
7.62812 4
7.50325 4
7.38635 4
7.2769 4
7.17448 4
7.07867 4
6.98912 4
6.9055 4
6.8275 4
6.75486 4
6.68733 4
6.62469 4
6.56672 4
6.51326 4
6.46413 4
6.41918 4
6.37827 4
6.3413 4
6.30814 4
6.27871 4
6.25291 4
6.23069 4
6.21197 4
6.1967 4
6.18485 4
6.17638 4
6.17126 4
6.16949 4
6.17106 4
6.17597 4
6.18423 4
6.19587 4
6.21093 4
6.22943 4
6.25144 4
6.27701 4
6.30622 4
6.33914 4
6.37588 4
6.41654 4
6.46124 4
6.51011 4
6.5633 4
6.62098 4
6.68333 4
6.75056 4
6.82287 4
6.90053 4
6.9838 4
7.07297 4
7.16838 4
7.27039 4
7.37939 4
7.49582 4
