-0.0688267 1
-0.068681 1
-0.0685638 1
-0.0684749 1
-0.0684141 1
-0.0683812 1
-0.0683764 1
-0.0683994 1
-0.0684505 1
-0.0685295 1
-0.0686368 1
-0.0687725 1
-0.0689369 1
-0.0691303 1
-0.0693532 1
-0.0696058 1
-0.0698887 1
-0.0702026 1
-0.070548 1
-0.0709257 1
-0.0713363 1
-0.0717809 1
-0.0722603 1
-0.0727755 1
-0.0733276 1
-0.073918 1
-0.0745479 1
-0.0752186 1
-0.0759318 1
-0.0766892 1
-0.0774925 1
-0.0783437 1
-0.0792449 1
-0.0801983 1
-0.0812066 1
-0.0822723 1
-0.0833983 1
-0.0845877 1
-0.0858439 1
-0.0871705 1
-0.0885714 1
-0.0900511 1
-0.091614 1
-0.0932653 1
-0.0950103 1
-0.0968552 1
-0.0988065 1
-0.100871 1
-0.103056 1
-0.105371 1
