9.2288 4
9.26981 4
9.31625 4
9.36825 4
9.42596 4
9.48956 4
9.55922 4
9.63517 4
9.71762 4
9.80686 4
9.90315 4
10.0068 4
10.1182 4
10.2377 4
10.3658 4
10.5028 4
10.6493 4
10.806 4
10.9733 4
11.152 4
11.3429 4
11.5467 4
11.7645 4
11.9973 4
12.2463 4
12.5127 4
12.7981 4
13.104 4
13.4324 4
13.7852 4
14.165 4
14.5744 4
15.0166 4
15.4951 4
16.014 4
16.5781 4
17.1931 4
17.8655 4
18.6031 4
19.4152 4
20 0
20 0
20 0
20 0
20 0
20 0
8.52848 2
8.28713 2
8.1577 2
8.08765 2
8.06196 2
8.07636 2
5.75257 1
5.54202 1
5.41694 1
5.33357 1
5.27817 1
5.24462 1
5.23001 1
5.23319 1
