-0.798269 1
-0.800463 1
-0.802732 1
-0.805075 1
-0.807493 1
-0.809985 1
-0.81255 1
-0.815189 1
-0.8179 1
-0.820684 1
-0.823539 1
-0.826466 1
-0.829464 1
-0.832532 1
-0.83567 1
-0.838876 1
-0.842152 1
-0.845494 1
-0.848904 1
-0.85238 1
-0.855921 1
-0.859527 1
-0.863196 1
-0.866928 1
-0.870722 1
-0.874577 1
-0.878491 1
-0.882464 1
-0.886494 1
-0.890581 1
-0.894723 1
-0.898918 1
-0.903166 1
-0.907464 1
-0.911813 1
-0.916209 1
-0.920652 1
-0.925141 1
-0.929672 1
-0.934245 1
-0.938858 1
-0.94351 1
-0.948197 1
-0.95292 1
-0.957675 1
-0.96246 1
-0.967275 1
-0.972116 1
0.0373604 4
0.0375095 4
