10.2927 4
10.4435 4
10.6046 4
10.7766 4
10.9603 4
11.1566 4
11.3662 4
11.5903 4
11.83 4
12.0864 4
12.361 4
12.6554 4
12.9713 4
13.3109 4
13.6762 4
14.07 4
14.4953 4
14.9554 4
15.4542 4
15.9965 4
16.5875 4
17.2335 4
17.942 4
18.7218 4
19.5836 4
20 0
20 0
20 0
20 0
20 0
9.88718 2
9.6286 2
9.49966 2
9.44131 2
9.43878 2
9.49153 2
9.61255 2
9.85251 2
20 0
5.85681 1
5.4862 1
5.32591 1
5.22258 1
5.15243 1
5.10622 1
5.07954 1
5.07028 1
5.07778 1
5.10257 1
5.14658 1
5.21391 1
5.31307 1
5.46519 1
5.77651 1
20 0
20 0
20 0
20 0
20 0
20 0
