14.1946 4
14.0376 4
13.8916 4
13.7559 4
13.6301 4
13.5139 4
13.4068 4
13.3085 4
13.2188 4
13.1373 4
13.0639 4
12.9983 4
12.9402 4
12.8897 4
12.8464 4
12.8104 4
12.7814 4
12.7595 4
12.7445 4
12.7365 4
12.7353 4
12.7411 4
12.7537 4
12.7733 4
12.7998 4
12.8335 4
12.8743 4
12.9224 4
12.9778 4
13.0409 4
13.1117 4
13.1904 4
13.2773 4
13.3727 4
13.4768 4
13.5899 4
13.7124 4
13.8447 4
13.9872 4
14.1404 4
14.3048 4
14.4811 4
14.6697 4
14.8715 4
15.0872 4
15.3176 4
15.5638 4
15.8266 4
13.6523 2
13.192 2
13.0272 2
12.9831 2
13.0403 2
13.2251 2
13.8504 2
13.9632 4
13.6713 4
13.3984 4
13.1432 4
12.9044 4
