11.3424 4
11.335 4
11.3339 4
11.3388 4
11.3499 4
11.3672 4
11.3907 4
11.4205 4
11.4566 4
11.4992 4
11.5484 4
11.6044 4
11.6672 4
11.7371 4
11.8143 4
11.899 4
11.9914 4
12.0918 4
12.2007 4
12.3182 4
12.4448 4
12.5809 4
12.727 4
12.8835 4
13.0512 4
13.2304 4
13.4221 4
13.6268 4
13.8455 4
14.0791 4
14.3286 4
14.5951 4
14.8799 4
15.1845 4
15.5103 4
15.8592 4
16.2331 4
16.6343 4
16.477 4
16.1478 4
15.8398 4
15.5517 4
15.2819 4
15.0294 4
14.7929 4
14.5715 4
14.3643 4
14.1704 4
13.9893 4
13.82 4
13.6621 4
13.515 4
13.3782 4
13.2512 4
13.1337 4
13.0252 4
12.9254 4
12.834 4
12.7508 4
12.6755 4
