13.5183 4
13.5449 4
13.579 4
13.6207 4
13.67 4
13.7271 4
13.7922 4
13.8654 4
13.947 4
14.0373 4
14.1364 4
14.2446 4
14.3624 4
14.49 4
14.6279 4
14.7765 4
14.9364 4
15.108 4
15.2919 4
15.4889 4
15.6996 4
15.9249 4
16.1656 4
16.4227 4
16.6973 4
16.5423 4
16.0596 4
15.6124 4
15.1975 4
14.8119 4
14.453 4
14.1185 4
13.8065 4
13.5151 4
13.2427 4
12.988 4
12.7497 4
12.5267 4
12.3178 4
12.1223 4
11.9392 4
11.7678 4
11.6075 4
11.4576 4
11.3176 4
11.1869 4
11.0652 4
10.9519 4
10.8467 4
10.7493 4
10.6593 4
10.5765 4
10.5006 4
10.4314 4
10.3687 4
10.3123 4
10.262 4
10.2176 4
10.1792 4
10.1465 4
