10 0
10 0
10 0
10 0
10 0
10 0
10 0
10 0
10 0
10 0
10 0
10 0
10 0
10 0
-0.365683 1
-0.347482 1
-0.330273 1
-0.314043 1
-0.298774 1
-0.284438 1
-0.271002 1
-0.258429 1
-0.246677 1
-0.235702 1
-0.225461 1
-0.215906 1
-0.206995 1
-0.198684 1
-0.190931 1
-0.183696 1
-0.176942 1
-0.170632 1
-0.164735 1
-0.159219 1
-0.154056 1
-0.149219 1
-0.144684 1
-0.140429 1
-0.136434 1
-0.13268 1
-0.129149 1
-0.125826 1
-0.122695 1
-0.119745 1
-0.116962 1
-0.114336 1
-0.111855 1
-0.109512 1
-0.107296 1
-0.105201 1
