4.40698 4
5.00106 4
5.78387 4
6.86163 4
8.43864 4
9.13268 4
9.11868 4
9.10965 4
9.10556 4
9.10639 4
9.11215 4
9.12286 4
9.13855 4
9.15925 4
9.18502 4
9.21594 4
9.25209 4
9.29358 4
9.34051 4
9.39303 4
9.45128 4
9.51544 4
9.58569 4
9.66226 4
9.74538 4
9.8353 4
9.93232 4
10.0368 4
10.149 4
10.2693 4
10.3983 4
10.5363 4
10.6838 4
10.8415 4
11.01 4
11.19 4
11.3822 4
11.5874 4
11.8068 4
12.0412 4
12.2919 4
12.5602 4
12.8476 4
13.1557 4
13.4865 4
13.842 4
14.2246 4
14.6371 4
15.0827 4
15.565 4
16.0881 4
16.6569 4
17.2771 4
17.9554 4
18.6996 4
19.5192 4
20 0
20 0
20 0
20 0
