11.6625 4
11.6911 4
11.7262 4
11.7679 4
11.8164 4
11.8716 4
11.9339 4
12.0034 4
12.0802 4
12.1647 4
12.257 4
12.3575 4
12.4665 4
12.5842 4
12.7112 4
12.8477 4
12.9943 4
13.1515 4
13.3199 4
13.5 4
13.6925 4
13.8983 4
6.94221 1
6.67592 1
6.53272 1
6.44348 1
6.39006 1
6.36523 1
6.36625 1
6.3932 1
6.44911 1
6.54175 1
6.69076 1
6.97746 1
16.2911 4
15.9905 4
15.7092 4
15.4459 4
15.1993 4
14.9685 4
14.7524 4
14.5502 4
14.3612 4
14.1846 4
14.0197 4
13.8661 4
13.7231 4
13.5903 4
13.4673 4
13.3537 4
13.2491 4
13.1531 4
13.0656 4
12.9862 4
12.9147 4
12.8508 4
12.7945 4
12.7456 4
12.7039 4
12.6693 4
