13.512 4
13.3543 4
13.2073 4
13.0704 4
12.9433 4
12.8256 4
12.7167 4
12.6165 4
12.5246 4
12.4406 4
12.3645 4
12.2958 4
12.2345 4
12.1804 4
12.1333 4
12.0931 4
12.0596 4
12.0328 4
12.0126 4
11.999 4
11.9918 4
11.9912 4
11.9971 4
12.0094 4
12.0283 4
12.0538 4
12.0859 4
12.1248 4
12.1706 4
12.2233 4
12.2832 4
12.3504 4
12.425 4
12.5074 4
12.5978 4
12.6963 4
12.8035 4
12.9194 4
13.0447 4
13.1796 4
13.3245 4
13.4801 4
13.6468 4
13.8253 4
14.0162 4
14.2202 4
14.4382 4
7.16475 1
6.97688 1
6.86549 1
6.79874 1
6.76553 1
6.76164 1
6.7866 1
6.84348 1
6.94089 1
7.10185 1
7.4391 1
16.2349 4
15.9267 4
