-0.0935013 1
-0.0932401 1
-0.093017 1
-0.0928319 1
-0.0926841 1
-0.0925735 1
-0.0925 1
-0.0924633 1
-0.0924633 1
-0.0925002 1
-0.0925739 1
-0.0926846 1
-0.0928325 1
-0.0930179 1
-0.093241 1
-0.0935024 1
-0.0938025 1
-0.0941419 1
-0.0945212 1
-0.0949411 1
-0.0954025 1
-0.0959063 1
-0.0964534 1
-0.0970449 1
-0.097682 1
-0.098366 1
-0.0990983 1
-0.0998804 1
-0.100714 1
-0.101601 1
-0.102543 1
-0.103542 1
-0.1046 1
-0.105721 1
-0.106906 1
-0.108158 1
-0.10948 1
-0.110876 1
-0.112349 1
-0.113902 1
-0.11554 1
-0.117267 1
-0.119088 1
-0.121008 1
-0.123032 1
-0.125166 1
-0.127416 1
-0.12979 1
-0.132294 1
-0.134937 1
