-0.145202 1
-0.14411 1
-0.143085 1
-0.142126 1
-0.141232 1
-0.1404 1
-0.139629 1
-0.138918 1
-0.138265 1
-0.13767 1
-0.13713 1
-0.136646 1
-0.136217 1
-0.135841 1
-0.135518 1
-0.135247 1
-0.135029 1
-0.134863 1
-0.134747 1
-0.134683 1
-0.13467 1
-0.134709 1
-0.134798 1
-0.134939 1
-0.135131 1
-0.135375 1
-0.135671 1
-0.13602 1
-0.136422 1
-0.136879 1
-0.13739 1
-0.137957 1
-0.138581 1
-0.139262 1
-0.140003 1
-0.140804 1
-0.141667 1
-0.142593 1
-0.143584 1
-0.144642 1
-0.145769 1
-0.146967 1
-0.148238 1
-0.149585 1
-0.15101 1
-0.152517 1
-0.154108 1
-0.155787 1
-0.157556 1
-0.15942 1
