-0.142 1
-0.141553 1
-0.141162 1
-0.140825 1
-0.140543 1
-0.140314 1
-0.140139 1
-0.140017 1
-0.139948 1
-0.139931 1
-0.139968 1
-0.140057 1
-0.140199 1
-0.140395 1
-0.140643 1
-0.140946 1
-0.141303 1
-0.141716 1
-0.142184 1
-0.142708 1
-0.14329 1
-0.143931 1
-0.144631 1
-0.145392 1
-0.146215 1
-0.147101 1
-0.148053 1
-0.149072 1
-0.150159 1
-0.151317 1
-0.152548 1
-0.153854 1
-0.155238 1
-0.156703 1
-0.15825 1
-0.159884 1
-0.161608 1
-0.163425 1
-0.165339 1
-0.167354 1
-0.169473 1
-0.171703 1
-0.174047 1
-0.176511 1
-0.179101 1
-0.181821 1
-0.18468 1
-0.187683 1
-0.190837 1
-0.194151 1
