-0.0952188 1
-0.0953187 1
-0.0954568 1
-0.0956331 1
-0.0958481 1
-0.0961021 1
-0.0963956 1
-0.0967292 1
-0.0971035 1
-0.0975192 1
-0.0979771 1
-0.0984781 1
-0.099023 1
-0.0996132 1
-0.10025 1
-0.100934 1
-0.101667 1
-0.10245 1
-0.103285 1
-0.104174 1
-0.105119 1
-0.106122 1
-0.107185 1
-0.10831 1
-0.1095 1
-0.110758 1
-0.112086 1
-0.113488 1
-0.114968 1
-0.116528 1
-0.118174 1
-0.119909 1
-0.121737 1
-0.123664 1
-0.125696 1
-0.127837 1
-0.130095 1
-0.132476 1
-0.134986 1
-0.137635 1
-0.140429 1
-0.143379 1
-0.146495 1
-0.149786 1
-0.153264 1
-0.156942 1
-0.160833 1
-0.164951 1
-0.169311 1
-0.173931 1
