0.737989 2
0.737162 2
0.736659 2
0.73648 2
0.736623 2
0.737089 2
0.73788 2
0.738996 2
0.740441 2
0.742217 2
0.744329 2
0.746781 2
0.749578 2
0.752728 2
0.756237 2
0.760114 2
0.764367 2
0.769007 2
0.774045 2
0.779493 2
0.785365 2
0.791675 2
0.798441 2
0.805679 2
0.813409 2
0.821654 2
0.830434 2
0.839775 2
0.849706 2
0.860256 2
0.871458 2
0.883348 2
0.895964 2
0.909351 2
0.923554 2
0.938626 2
0.954625 2
0.97161 2
0.989652 2
1.00883 2
1.02922 2
1.05092 2
1.07404 2
1.0987 2
1.12501 2
1.15314 2
1.18324 2
1.2155 2
1.25013 2
1.28737 2
