3.88466 4
4.22671 4
4.63756 4
5.13997 4
5.76795 4
6.5748 4
7.6489 4
9.04143 4
9.01902 4
9.00158 4
8.98906 4
8.98142 4
8.97865 4
8.98074 4
8.9877 4
8.99953 4
9.01628 4
9.038 4
9.06473 4
9.09656 4
9.13357 4
9.17586 4
9.22357 4
9.27681 4
9.33576 4
9.40057 4
9.47146 4
9.54862 4
9.63231 4
9.72278 4
9.82032 4
9.92528 4
10.038 4
10.1588 4
10.2883 4
10.4268 4
10.5748 4
10.733 4
10.9021 4
11.0826 4
11.2754 4
11.4813 4
11.7014 4
11.9366 4
12.1882 4
12.4576 4
12.7461 4
13.0556 4
13.3879 4
13.7452 4
14.1299 4
14.5449 4
14.9934 4
15.479 4
16.0061 4
16.5797 4
17.2055 4
17.8905 4
18.6428 4
19.4721 4
