16.0061 4
15.7574 4
15.5247 4
15.3069 4
15.1031 4
14.9127 4
14.7349 4
14.569 4
14.4146 4
14.271 4
14.1379 4
14.0147 4
13.9011 4
13.7967 4
13.7013 4
13.6145 4
13.536 4
13.4657 4
13.4033 4
13.3487 4
13.3017 4
13.2622 4
13.23 4
13.2052 4
13.1875 4
13.177 4
13.1737 4
13.1774 4
13.1884 4
13.2064 4
13.2317 4
13.2643 4
13.3043 4
13.3517 4
13.4068 4
13.4696 4
13.5404 4
13.6194 4
13.7067 4
13.8027 4
13.9076 4
14.0217 4
14.1455 4
14.2792 4
14.4234 4
14.5785 4
14.7451 4
14.9236 4
15.1148 4
15.3194 4
15.538 4
15.7717 4
16.0213 4
16.2879 4
16.5727 4
16.8768 4
17.2019 4
17.5493 4
17.921 4
18.3188 4
