11.8352 4
11.7422 4
11.6569 4
11.5791 4
11.5085 4
11.4449 4
11.3881 4
11.338 4
11.2944 4
11.2572 4
11.2263 4
11.2016 4
11.1831 4
11.1706 4
11.1643 4
11.1639 4
11.1696 4
11.1814 4
11.1992 4
11.2232 4
11.2534 4
11.2899 4
11.3327 4
11.3821 4
11.4381 4
11.501 4
11.5708 4
11.6478 4
11.7322 4
11.8243 4
11.9244 4
12.0327 4
12.1496 4
12.2756 4
12.411 4
12.5563 4
12.7119 4
12.8785 4
13.0568 4
13.2472 4
13.4507 4
13.6681 4
13.9003 4
14.1482 4
14.4131 4
14.6962 4
14.999 4
15.3229 4
15.6698 4
16.0416 4
16.4407 4
16.3746 4
16.0495 4
15.7454 4
15.4608 4
15.1944 4
14.9449 4
14.7114 4
14.4927 4
14.2881 4
