-0.26854 1
-0.267732 1
-0.267013 1
-0.266382 1
-0.26584 1
-0.265384 1
-0.265015 1
-0.264732 1
-0.264534 1
-0.264422 1
-0.264395 1
-0.264454 1
-0.264597 1
-0.264827 1
-0.265142 1
-0.265543 1
-0.266031 1
-0.266606 1
-0.267269 1
-0.268021 1
-0.268862 1
-0.269795 1
-0.270819 1
-0.271937 1
-0.273149 1
-0.274458 1
-0.275865 1
-0.277371 1
-0.278979 1
-0.28069 1
-0.282507 1
-0.284433 1
-0.286469 1
-0.288619 1
-0.290885 1
-0.29327 1
-0.295778 1
-0.298411 1
-0.301173 1
-0.304068 1
-0.3071 1
-0.310272 1
-0.313589 1
-0.317055 1
-0.320676 1
-0.324455 1
-0.328398 1
-0.332511 1
-0.336797 1
-0.341264 1
