14.3027 4
14.139 4
13.9864 4
13.8445 4
13.7128 4
13.5909 4
13.4783 4
13.3748 4
13.2799 4
13.1935 4
13.1153 4
13.045 4
12.9824 4
12.9274 4
12.8798 4
12.8395 4
12.8063 4
12.7802 4
12.761 4
12.7489 4
12.7436 4
12.7452 4
12.7538 4
12.7692 4
12.7916 4
12.8211 4
12.8576 4
12.9014 4
12.9525 4
12.6043 2
12.3356 2
12.2245 2
12.2099 2
12.2865 2
12.4883 2
13.5304 4
13.6474 4
13.7739 4
13.9104 4
14.0572 4
14.215 4
14.3843 4
14.5656 4
14.7596 4
14.967 4
15.1888 4
15.4256 4
15.6786 4
15.9487 4
16.2373 4
16.0294 4
15.5956 4
15.1927 4
14.8179 4
14.4688 4
14.1432 4
13.8392 4
13.5553 4
13.2898 4
13.0414 4
