-0.220211 1
-0.219251 1
-0.218372 1
-0.217574 1
-0.216855 1
-0.216213 1
-0.215649 1
-0.215161 1
-0.214749 1
-0.214411 1
-0.214148 1
-0.213959 1
-0.213845 1
-0.213803 1
-0.213836 1
-0.213942 1
-0.214122 1
-0.214377 1
-0.214705 1
-0.215109 1
-0.215588 1
-0.216143 1
-0.216776 1
-0.217486 1
-0.218275 1
-0.219144 1
-0.220095 1
-0.221128 1
-0.222245 1
-0.223448 1
-0.224739 1
-0.226119 1
-0.227591 1
-0.229156 1
-0.230818 1
-0.232578 1
-0.23444 1
-0.236406 1
-0.238479 1
-0.240662 1
-0.24296 1
-0.245375 1
-0.247911 1
-0.250573 1
-0.253364 1
-0.25629 1
-0.259355 1
-0.262564 1
-0.265922 1
-0.269436 1
