0.0099903 4
0.0100667 4
0.0101488 4
0.0102368 4
0.0103309 4
0.0104313 4
0.0105383 4
0.0106523 4
0.0107736 4
0.0109025 4
0.0110394 4
0.0111847 4
0.011339 4
0.0115027 4
0.0116764 4
0.0118607 4
0.0120562 4
0.0122638 4
0.0124842 4
0.0127184 4
0.0129673 4
0.013232 4
0.0135138 4
0.0138141 4
0.0141344 4
0.0144764 4
0.014842 4
0.0152333 4
0.015653 4
0.0161036 4
0.0165884 4
0.0171111 4
0.0176758 4
0.0182873 4
0.0189513 4
0.0196742 4
0.0204639 4
0.0213292 4
0.0222812 4
0.0233328 4
0.0244999 4
0.0258018 4
0.0272624 4
0.0289117 4
0.0307878 4
0.0329397 4
0.0354319 4
0.0383501 4
0.0418121 4
0.0459832 4
