-0.555529 1
-0.559159 1
-0.562924 1
-0.566828 1
-0.57087 1
-0.575053 1
-0.579378 1
-0.583846 1
-0.588459 1
-0.59322 1
-0.598128 1
-0.603186 1
-0.608395 1
-0.613756 1
-0.619273 1
-0.624943 1
-0.630771 1
-0.636756 1
-0.6429 1
-0.649205 1
-0.65567 1
-0.662297 1
-0.669086 1
-0.676039 1
-0.683156 1
-0.690437 1
-0.697882 1
-0.705491 1
-0.713264 1
-0.721202 1
-0.729303 1
-0.737566 1
-0.745992 1
-0.754578 1
-0.763324 1
-0.772227 1
-0.781288 1
-0.790501 1
-0.799867 1
-0.809381 1
-0.819042 1
-0.828847 1
-0.838791 1
-0.848871 1
-0.859084 1
0.00187092 4
0.00184725 4
0.00182497 4
0.001804 4
0.00178428 4
