9.9466 2
9.87424 2
9.80718 2
9.74527 2
9.68836 2
9.6363 2
9.58898 2
9.54629 2
9.50812 2
9.47439 2
9.44503 2
9.41996 2
9.39913 2
9.38249 2
9.37002 2
9.36167 2
9.35743 2
9.3573 2
7.54456 3
4.48808 3
3.19508 3
2.48131 3
2.02894 3
1.71672 3
1.48834 3
1.31409 3
1.17684 3
1.06596 3
0.974571 3
0.897976 3
0.832882 3
0.776905 3
0.728277 3
0.685661 3
0.648025 3
0.614561 3
0.584626 3
0.557706 3
0.533379 3
0.511301 3
0.491184 3
0.472789 3
0.455915 3
0.440391 3
0.426069 3
0.412825 3
0.40055 3
0.389149 3
0.37854 3
0.368652 3
