10.0262 2
9.9523 2
9.88376 2
9.82044 2
9.76217 2
9.70882 2
9.66026 2
9.61638 2
9.57707 2
9.54224 2
9.51182 2
9.48574 2
9.46393 2
9.44636 2
9.43297 2
9.42375 2
9.41867 2
9.41772 2
9.42089 2
9.42821 2
7.11225 3
5.44938 3
4.4183 3
3.71669 3
3.20859 3
2.82379 3
2.52239 3
2.28003 3
2.08099 3
1.91468 3
1.77371 3
1.65275 3
1.54787 3
1.4561 3
1.37518 3
1.30331 3
1.2391 3
1.18142 3
1.12934 3
1.08211 3
1.03911 3
0.999818 3
0.963796 3
0.930673 3
0.900133 3
0.871903 3
0.84575 3
0.821469 3
0.798883 3
0.777839 3
