10 0
10 0
10 0
10 0
10 0
10 0
10 0
10 0
10 0
10 0
10 0
10 0
10 0
10 0
10 0
10 0
10 0
10 0
10 0
10 0
10 0
10 0
10 0
10 0
10 0
10 0
10 0
10 0
10 0
10 0
10 0
10 0
10 0
10 0
10 0
10 0
10 0
10 0
10 0
10 0
10 0
10 0
10 0
10 0
10 0
10 0
10 0
10 0
10 0
10 0
10 0
10 0
10 0
10 0
10 0
10 0
10 0
10 0
10 0
10 0
10 0
10 0
10 0
10 0
10 0
10 0
10 0
10 0
10 0
10 0
10 0
10 0
10 0
10 0
10 0
10 0
10 0
10 0
10 0
10 0
10 0
10 0
10 0
10 0
10 0
10 0
10 0
10 0
10 0
10 0
10 0
10 0
10 0
10 0
10 0
10 0
10 0
10 0
10 0
10 0
10 0
10 0
10 0
10 0
10 0
10 0
10 0
10 0
10 0
10 0
10 0
10 0
10 0
10 0
10 0
10 0
10 0
10 0
10 0
10 0
10 0
10 0
10 0
10 0
10 0
10 0
10 0
10 0
10 0
10 0
10 0
10 0
10 0
10 0
10 0
10 0
10 0
10 0
10 0
10 0
10 0
10 0
10 0
10 0
10 0
10 0
10 0
10 0
10 0
10 0
10 0
10 0
10 0
10 0
10 0
10 0
10 0
10 0
10 0
10 0
10 0
10 0
10 0
10 0
10 0
10 0
10 0
10 0
10 0
10 0
10 0
10 0
10 0
10 0
10 0
10 0
10 0
10 0
10 0
10 0
10 0
10 0
10 0
10 0
10 0
10 0
10 0
10 0
10 0
10 0
10 0
10 0
10 0
10 0
10 0
10 0
10 0
10 0
10 0
10 0
10 0
10 0
10 0
10 0
10 0
10 0
10 0
10 0
10 0
10 0
10 0
10 0
10 0
10 0
10 0
10 0
10 0
10 0
10 0
10 0
10 0
10 0
10 0
10 0
10 0
10 0
10 0
10 0
10 0
10 0
10 0
10 0
10 0
10 0
10 0
10 0
10 0
10 0
10 0
10 0
10 0
10 0
10 0
10 0
10 0
10 0
10 0
10 0
10 0
10 0
10 0
10 0
10 0
10 0
10 0
10 0
10 0
10 0
10 0
10 0
10 0
10 0
10 0
10 0
10 0
10 0
10 0
10 0
10 0
10 0
10 0
10 0
10 0
10 0
10 0
10 0
10 0
10 0
10 0
10 0
10 0
10 0
10 0
10 0
10 0
10 0
10 0
10 0
10 0
10 0
10 0
10 0
10 0
10 0
10 0
10 0
10 0
10 0
10 0
10 0
10 0
10 0
10 0
10 0
10 0
10 0
10 0
10 0
10 0
10 0
10 0
10 0
10 0
10 0
10 0
10 0
10 0
10 0
10 0
10 0
10 0
10 0
10 0
10 0
10 0
10 0
10 0
10 0
10 0
10 0
10 0
10 0
10 0
10 0
10 0
10 0
10 0
10 0
10 0
10 0
10 0
10 0
10 0
10 0
10 0
10 0
10 0
10 0
10 0
10 0
10 0
10 0
10 0
10 0
10 0
10 0
10 0
10 0
10 0
10 0
10 0
10 0
10 0
10 0
10 0
10 0
10 0
10 0
10 0
10 0
10 0
10 0
10 0
10 0
10 0
10 0
10 0
10 0
10 0
10 0
10 0
10 0
10 0
10 0
10 0
10 0
10 0
10 0
10 0
10 0
10 0
10 0
10 0
10 0
10 0
10 0
10 0
10 0
10 0
10 0
10 0
10 0
10 0
10 0
10 0
10 0
10 0
10 0
10 0
10 0
10 0
10 0
10 0
10 0
10 0
10 0
10 0
10 0
10 0
10 0
10 0
10 0
10 0
10 0
10 0
10 0
10 0
10 0
10 0
10 0
10 0
10 0
10 0
10 0
10 0
10 0
10 0
10 0
10 0
10 0
10 0
10 0
10 0
10 0
10 0
10 0
10 0
10 0
10 0
10 0
10 0
10 0
10 0
10 0
10 0
10 0
10 0
10 0
10 0
10 0
10 0
10 0
10 0
10 0
10 0
10 0
10 0
10 0
10 0
10 0
10 0
10 0
10 0
10 0
10 0
10 0
10 0
10 0
10 0
10 0
10 0
10 0
10 0
10 0
10 0
10 0
10 0
10 0
10 0
10 0
10 0
10 0
10 0
10 0
10 0
10 0
10 0
10 0
10 0
10 0
10 0
10 0
10 0
10 0
10 0
10 0
10 0
10 0
10 0
10 0
10 0
10 0
10 0
10 0
10 0
10 0
10 0
10 0
10 0
10 0
10 0
10 0
10 0
10 0
10 0
10 0
10 0
10 0
10 0
10 0
10 0
10 0
10 0
10 0
10 0
10 0
10 0
10 0
10 0
10 0
10 0
10 0
10 0
10 0
10 0
10 0
10 0
10 0
10 0
10 0
10 0
10 0
10 0
10 0
10 0
10 0
10 0
10 0
10 0
10 0
10 0
10 0
10 0
10 0
10 0
10 0
10 0
10 0
10 0
10 0
10 0
10 0
10 0
10 0
10 0
10 0
10 0
10 0
10 0
10 0
10 0
10 0
10 0
10 0
10 0
10 0
10 0
10 0
10 0
10 0
10 0
10 0
10 0
10 0
10 0
10 0
10 0
10 0
10 0
10 0
10 0
10 0
10 0
10 0
10 0
10 0
10 0
10 0
10 0
10 0
10 0
10 0
10 0
10 0
10 0
10 0
10 0
10 0
10 0
10 0
10 0
10 0
10 0
10 0
10 0
10 0
10 0
10 0
10 0
10 0
10 0
10 0
10 0
10 0
10 0
10 0
10 0
10 0
10 0
10 0
10 0
10 0
10 0
10 0
10 0
10 0
10 0
10 0
10 0
10 0
10 0
10 0
10 0
10 0
10 0
10 0
10 0
10 0
10 0
10 0
10 0
10 0
10 0
10 0
10 0
10 0
10 0
10 0
10 0
10 0
10 0
10 0
10 0
10 0
10 0
10 0
10 0
10 0
10 0
10 0
10 0
10 0
10 0
10 0
10 0
10 0
10 0
10 0
10 0
10 0
10 0
10 0
10 0
10 0
10 0
10 0
10 0
10 0
10 0
10 0
10 0
10 0
10 0
10 0
10 0
10 0
10 0
10 0
10 0
10 0
10 0
10 0
10 0
10 0
10 0
10 0
10 0
10 0
10 0
10 0
10 0
10 0
10 0
10 0
10 0
10 0
10 0
10 0
10 0
10 0
10 0
10 0
10 0
10 0
10 0
10 0
10 0
10 0
10 0
10 0
10 0
10 0
10 0
10 0
10 0
10 0
10 0
10 0
10 0
10 0
10 0
10 0
10 0
10 0
10 0
10 0
10 0
10 0
10 0
10 0
10 0
10 0
10 0
10 0
10 0
10 0
10 0
10 0
10 0
10 0
10 0
10 0
10 0
10 0
10 0
10 0
10 0
5.0615 1
5.03874 1
5.0233 1
5.011 1
5.00061 1
4.99156 1
4.98351 1
4.97625 1
4.96964 1
4.96356 1
4.95799 1
4.95282 1
4.94802 1
4.94357 1
4.93941 1
4.93555 1
4.93195 1
4.92859 1
4.92545 1
4.92255 1
4.91983 1
4.91732 1
4.915 1
4.91284 1
4.91087 1
4.90905 1
4.90741 1
4.90592 1
4.90458 1
4.90339 1
4.90235 1
4.90145 1
4.9007 1
4.90009 1
4.89962 1
4.89928 1
4.89908 1
4.89902 1
4.89909 1
4.89931 1
4.89966 1
4.90015 1
4.90078 1
4.90155 1
4.90245 1
4.90351 1
4.90471 1
4.90607 1
4.90757 1
4.90924 1
4.91107 1
4.91307 1
4.91523 1
4.91757 1
4.92011 1
4.92285 1
4.92579 1
4.92893 1
4.93232 1
4.93596 1
4.93985 1
4.94403 1
4.94851 1
4.95336 1
4.95856 1
4.96419 1
4.97031 1
4.97698 1
4.98434 1
4.99247 1
5.00167 1
5.01222 1
5.02478 1
5.04068 1
5.06497 1
5.58864 1
5.57277 1
5.55776 1
5.54352 1
5.52992 1
5.51694 1
5.50449 1
5.49252 1
5.481 1
5.46989 1
5.45916 1
5.44877 1
5.43871 1
5.42895 1
5.41948 1
5.41028 1
5.40133 1
5.39262 1
5.38413 1
5.37586 1
5.36779 1
5.35993 1
5.35224 1
5.34473 1
5.33739 1
5.33022 1
5.3232 1
5.31633 1
5.30961 1
5.30302 1
5.29657 1
5.29026 1
5.28406 1
5.27799 1
5.27204 1
5.2662 1
5.26047 1
5.25485 1
5.24934 1
5.24392 1
5.23861 1
5.23339 1
5.22827 1
5.22324 1
5.2183 1
5.21344 1
5.20867 1
5.20398 1
5.19938 1
5.19485 1
5.1904 1
5.18603 1
5.18173 1
5.17751 1
5.17336 1
5.16927 1
5.16526 1
5.16132 1
5.15744 1
5.15362 1
5.14988 1
5.14619 1
5.14256 1
5.139 1
5.1355 1
5.13206 1
5.12867 1
5.12534 1
5.12207 1
5.11885 1
5.11569 1
5.11258 1
5.10953 1
5.10653 1
5.10358 1
5.10068 1
5.09783 1
5.09503 1
5.09228 1
5.08958 1
5.08693 1
5.08433 1
5.08177 1
5.07926 1
5.0768 1
5.07437 1
5.072 1
5.06967 1
5.06739 1
5.06515 1
5.06295 1
5.06079 1
5.05868 1
5.05661 1
5.05458 1
5.05259 1
5.05065 1
5.04874 1
5.04688 1
5.04505 1
5.04327 1
5.04152 1
5.03981 1
5.03814 1
5.03651 1
5.03492 1
5.03337 1
5.03185 1
5.03038 1
5.02894 1
5.02753 1
5.02616 1
5.02484 1
5.02354 1
5.02229 1
5.02106 1
5.01988 1
5.01873 1
5.01762 1
5.01654 1
5.01549 1
5.01449 1
5.01351 1
5.01257 1
5.01167 1
5.0108 1
5.00996 1
5.00916 1
5.0084 1
5.00767 1
5.00697 1
5.0063 1
5.00567 1
5.00507 1
5.00451 1
5.00398 1
5.00348 1
5.00302 1
5.00259 1
5.00219 1
5.00183 1
5.0015 1
5.0012 1
5.00094 1
5.0007 1
5.00051 1
5.00034 1
5.00021 1
