10 0
10 0
10 0
10 0
10 0
10 0
10 0
10 0
10 0
10 0
10 0
10 0
10 0
10 0
10 0
10 0
10 0
10 0
10 0
10 0
10 0
10 0
10 0
10 0
10 0
10 0
10 0
10 0
10 0
10 0
10 0
10 0
10 0
10 0
10 0
10 0
10 0
10 0
10 0
10 0
10 0
10 0
10 0
10 0
10 0
10 0
10 0
10 0
10 0
10 0
10 0
10 0
10 0
10 0
10 0
10 0
10 0
10 0
10 0
10 0
10 0
10 0
10 0
10 0
10 0
10 0
10 0
10 0
10 0
10 0
10 0
10 0
10 0
10 0
10 0
10 0
10 0
10 0
10 0
10 0
10 0
10 0
10 0
10 0
10 0
10 0
10 0
10 0
10 0
10 0
10 0
10 0
10 0
10 0
10 0
10 0
10 0
10 0
10 0
10 0
10 0
10 0
10 0
10 0
10 0
10 0
10 0
5.07235 1
5.04422 1
5.02739 1
5.01436 1
5.00351 1
4.99409 1
4.98576 1
4.97829 1
4.9715 1
4.96528 1
4.95958 1
4.95429 1
4.94939 1
4.94483 1
4.9406 1
4.93666 1
4.93297 1
4.92955 1
4.92635 1
4.92337 1
4.92061 1
4.91804 1
4.91565 1
4.91346 1
4.91142 1
4.90956 1
4.90787 1
4.90633 1
4.90496 1
4.90373 1
4.90264 1
4.9017 1
4.90091 1
4.90025 1
4.89974 1
4.89937 1
4.89913 1
4.89902 1
4.89906 1
4.89923 1
4.89955 1
4.89999 1
4.90058 1
4.9013 1
4.90218 1
4.90319 1
4.90434 1
4.90566 1
4.90711 1
4.90874 1
4.91052 1
4.91246 1
4.91458 1
4.91687 1
4.91935 1
4.92203 1
4.92491 1
4.92799 1
4.93131 1
4.93487 1
4.93867 1
4.94278 1
4.94717 1
4.9519 1
4.957 1
4.9625 1
4.96847 1
4.97496 1
4.98211 1
4.99 1
4.99885 1
5.00897 1
5.02083 1
5.03553 1
5.05619 1
5.59346 1
5.57731 1
5.56207 1
5.5476 1
5.53383 1
5.52067 1
5.50807 1
5.49597 1
5.48432 1
5.47309 1
5.46225 1
5.45176 1
5.44161 1
5.43177 1
5.42222 1
5.41294 1
5.40392 1
5.39514 1
5.38659 1
5.37826 1
5.37013 1
5.36221 1
5.35447 1
5.3469 1
5.33952 1
5.3323 1
5.32524 1
5.31832 1
5.31156 1
5.30493 1
5.29844 1
5.29209 1
5.28586 1
5.27975 1
5.27377 1
5.2679 1
5.26214 1
5.25649 1
5.25094 1
5.2455 1
5.24015 1
5.23491 1
5.22976 1
5.2247 1
5.21973 1
5.21485 1
5.21005 1
5.20535 1
5.20071 1
5.19616 1
5.1917 1
5.1873 1
5.18298 1
5.17874 1
5.17456 1
5.17046 1
5.16643 1
5.16246 1
5.15857 1
5.15473 1
5.15097 1
5.14726 1
5.14362 1
5.14004 1
5.13652 1
5.13306 1
5.12965 1
5.12631 1
5.12302 1
5.11979 1
5.11661 1
5.11349 1
5.11041 1
5.1074 1
5.10443 1
5.10152 1
5.09866 1
5.09585 1
5.09308 1
5.09037 1
5.0877 1
5.08508 1
5.08251 1
5.07999 1
5.07751 1
5.07508 1
5.07269 1
5.07035 1
5.06805 1
5.0658 1
5.06359 1
5.06142 1
5.05929 1
5.05721 1
5.05517 1
5.05317 1
5.05121 1
5.04929 1
5.04742 1
5.04558 1
5.04378 1
5.04203 1
5.04031 1
5.03863 1
5.03699 1
5.03538 1
5.03382 1
5.03229 1
5.03081 1
5.02935 1
5.02794 1
5.02656 1
5.02522 1
5.02392 1
5.02265 1
5.02142 1
5.02022 1
5.01906 1
5.01794 1
5.01685 1
5.01579 1
5.01478 1
5.01379 1
5.01284 1
5.01193 1
5.01105 1
5.01021 1
5.0094 1
5.00862 1
5.00788 1
5.00717 1
5.00649 1
5.00585 1
5.00525 1
5.00467 1
5.00413 1
5.00362 1
5.00315 1
5.00271 1
5.0023 1
5.00193 1
5.00159 1
5.00128 1
5.00101 1
5.00077 1
5.00056 1
5.00038 1
5.00024 1
5.00013 1
5.00005 1
5.00001 1
5 1
5.00002 1
5.00008 1
5.00016 1
5.00029 1
5.00044 1
5.00063 1
5.00084 1
5.0011 1
5.00138 1
5.0017 1
5.00205 1
5.00244 1
5.00285 1
5.0033 1
5.00379 1
5.00431 1
5.00486 1
5.00544 1
5.00606 1
5.00671 1
5.0074 1
5.00812 1
5.00887 1
5.00966 1
5.01048 1
5.01134 1
5.01223 1
5.01316 1
5.01412 1
5.01511 1
5.01614 1
5.01721 1
5.01831 1
5.01944 1
5.02062 1
5.02182 1
5.02307 1
5.02435 1
5.02566 1
5.02702 1
5.02841 1
5.02983 1
5.0313 1
5.0328 1
5.03434 1
5.03591 1
5.03753 1
5.03918 1
5.04087 1
5.04261 1
5.04438 1
5.04619 1
5.04804 1
5.04993 1
5.05186 1
5.05383 1
5.05585 1
5.0579 1
5.06 1
5.06214 1
5.06432 1
5.06654 1
5.06881 1
5.07113 1
5.07348 1
5.07588 1
5.07833 1
5.08082 1
5.08337 1
5.08595 1
5.08859 1
5.09127 1
5.094 1
5.09678 1
5.09961 1
5.10249 1
5.10542 1
5.1084 1
5.11143 1
5.11452 1
5.11766 1
5.12086 1
5.12411 1
5.12742 1
5.13078 1
5.1342 1
5.13768 1
5.14123 1
5.14482 1
5.14849 1
5.15222 1
5.156 1
5.15986 1
5.16377 1
5.16777 1
5.17182 1
5.17595 1
5.18015 1
5.18441 1
5.18876 1
5.19317 1
5.19767 1
5.20225 1
5.20691 1
5.21165 1
5.21647 1
5.22138 1
5.22637 1
5.23146 1
5.23665 1
5.24193 1
5.2473 1
5.25278 1
5.25836 1
5.26404 1
5.26984 1
5.27575 1
5.28178 1
5.28792 1
5.29419 1
5.30059 1
5.30712 1
5.3138 1
5.32061 1
5.32757 1
5.33469 1
5.34197 1
5.34941 1
5.35703 1
5.36483 1
5.37282 1
5.38101 1
5.38942 1
5.39804 1
5.4069 1
5.416 1
5.42538 1
5.43502 1
5.44496 1
5.45523 1
5.46583 1
5.47679 1
5.48816 1
5.49995 1
5.51221 1
5.525 1
5.53835 1
5.55234 1
5.56706 1
5.58259 1
5.59906 1
5.61664 1
5.63554 1
5.65604 1
5.67861 1
5.7039 1
5.73306 1
5.76842 1
5.81656 1
10 0
10 0
10 0
10 0
10 0
10 0
10 0
10 0
10 0
10 0
10 0
10 0
10 0
10 0
10 0
10 0
10 0
10 0
10 0
10 0
10 0
10 0
10 0
10 0
10 0
10 0
10 0
10 0
10 0
10 0
10 0
10 0
10 0
10 0
10 0
10 0
10 0
10 0
10 0
10 0
10 0
10 0
10 0
10 0
10 0
10 0
10 0
10 0
10 0
10 0
10 0
10 0
10 0
10 0
10 0
10 0
10 0
10 0
10 0
10 0
10 0
10 0
10 0
10 0
10 0
10 0
10 0
10 0
10 0
10 0
10 0
10 0
10 0
10 0
10 0
10 0
10 0
10 0
10 0
10 0
10 0
10 0
10 0
10 0
10 0
10 0
10 0
10 0
10 0
10 0
10 0
10 0
10 0
10 0
10 0
10 0
10 0
10 0
10 0
10 0
10 0
10 0
10 0
10 0
10 0
10 0
10 0
10 0
10 0
10 0
10 0
10 0
10 0
10 0
10 0
10 0
10 0
10 0
10 0
10 0
10 0
10 0
10 0
10 0
10 0
10 0
10 0
10 0
10 0
10 0
10 0
10 0
10 0
10 0
10 0
10 0
10 0
10 0
10 0
10 0
10 0
10 0
10 0
10 0
10 0
10 0
10 0
10 0
10 0
10 0
10 0
10 0
10 0
10 0
10 0
10 0
10 0
10 0
10 0
10 0
10 0
10 0
10 0
10 0
10 0
10 0
10 0
10 0
10 0
10 0
10 0
10 0
10 0
10 0
10 0
10 0
10 0
10 0
10 0
10 0
10 0
10 0
10 0
10 0
10 0
10 0
10 0
10 0
10 0
10 0
10 0
10 0
10 0
10 0
10 0
10 0
10 0
10 0
10 0
10 0
10 0
10 0
10 0
10 0
10 0
10 0
10 0
10 0
10 0
10 0
10 0
10 0
10 0
10 0
10 0
10 0
10 0
10 0
10 0
10 0
10 0
10 0
10 0
10 0
10 0
10 0
10 0
10 0
10 0
10 0
10 0
10 0
10 0
10 0
10 0
10 0
10 0
10 0
10 0
10 0
10 0
10 0
10 0
10 0
10 0
10 0
10 0
10 0
10 0
10 0
10 0
10 0
10 0
10 0
10 0
10 0
10 0
10 0
10 0
10 0
10 0
10 0
10 0
10 0
10 0
10 0
10 0
10 0
10 0
10 0
10 0
10 0
10 0
10 0
10 0
10 0
10 0
10 0
10 0
10 0
10 0
10 0
10 0
10 0
10 0
10 0
10 0
10 0
10 0
10 0
10 0
10 0
10 0
10 0
10 0
10 0
10 0
10 0
10 0
10 0
10 0
10 0
10 0
10 0
10 0
10 0
10 0
10 0
10 0
10 0
10 0
10 0
10 0
10 0
10 0
10 0
10 0
10 0
10 0
10 0
10 0
10 0
10 0
10 0
10 0
10 0
10 0
10 0
10 0
10 0
10 0
10 0
10 0
10 0
10 0
10 0
10 0
10 0
10 0
10 0
10 0
10 0
10 0
10 0
10 0
10 0
10 0
10 0
10 0
10 0
10 0
10 0
10 0
10 0
10 0
10 0
10 0
10 0
10 0
10 0
10 0
10 0
10 0
10 0
10 0
10 0
10 0
10 0
10 0
10 0
10 0
10 0
10 0
10 0
10 0
10 0
10 0
10 0
10 0
10 0
10 0
10 0
10 0
10 0
10 0
10 0
10 0
10 0
10 0
10 0
10 0
10 0
10 0
10 0
10 0
10 0
10 0
10 0
10 0
10 0
10 0
10 0
10 0
10 0
10 0
10 0
10 0
10 0
10 0
10 0
10 0
10 0
10 0
10 0
10 0
10 0
10 0
10 0
10 0
10 0
10 0
10 0
10 0
10 0
10 0
10 0
10 0
10 0
10 0
10 0
10 0
10 0
10 0
10 0
10 0
10 0
10 0
10 0
10 0
10 0
10 0
10 0
10 0
10 0
10 0
10 0
10 0
10 0
10 0
10 0
10 0
10 0
10 0
10 0
10 0
10 0
10 0
10 0
10 0
10 0
10 0
10 0
10 0
10 0
10 0
10 0
10 0
10 0
10 0
10 0
10 0
10 0
10 0
10 0
10 0
10 0
10 0
10 0
10 0
10 0
10 0
10 0
10 0
10 0
10 0
10 0
10 0
10 0
10 0
10 0
10 0
10 0
10 0
10 0
10 0
10 0
10 0
10 0
10 0
10 0
10 0
10 0
10 0
10 0
10 0
10 0
10 0
