10.0085 2
9.93505 2
9.86698 2
9.8041 2
9.74626 2
9.69332 2
9.64516 2
9.60166 2
9.56272 2
9.52826 2
9.49819 2
9.47244 2
9.45097 2
9.43372 2
9.42065 2
9.41173 2
9.40695 2
9.4063 2
9.40977 2
8.08524 3
5.66764 3
4.3645 3
3.54986 3
2.99259 3
2.58753 3
2.27993 3
2.03849 3
1.84402 3
1.6841 3
1.55033 3
1.43682 3
1.33935 3
1.25478 3
1.18075 3
1.11542 3
1.05738 3
1.0055 3
0.95888 3
0.916771 3
0.878574 3
0.843788 3
0.811993 3
0.782838 3
0.756025 3
0.731296 3
0.708435 3
0.687252 3
0.667583 3
0.649285 3
0.632233 3
