9.75434 2
9.68312 2
9.61711 2
9.55615 2
9.5001 2
9.44882 2
9.40219 2
9.36009 2
9.32244 2
9.28914 2
9.26013 2
9.23533 2
9.21469 2
9.19816 2
9.18571 2
9.17731 2
9.17294 2
9.17259 2
4.11827 3
2.41249 3
1.70644 3
1.32054 3
1.07737 3
0.91017 3
0.788192 3
0.695314 3
0.62226 3
0.563322 3
0.514788 3
0.474146 3
0.439629 3
0.409965 3
0.384208 3
0.361646 3
0.341728 3
0.324024 3
0.308193 3
0.293959 3
0.2811 3
0.269431 3
0.258802 3
0.249084 3
0.240172 3
0.231973 3
0.224411 3
0.217418 3
0.210938 3
0.20492 3
0.19932 3
0.194102 3
