10 0
10 0
10 0
10 0
10 0
10 0
10 0
10 0
10 0
10 0
10 0
10 0
10 0
10 0
10 0
10 0
10 0
10 0
10 0
10 0
10 0
10 0
10 0
10 0
10 0
10 0
10 0
10 0
10 0
10 0
10 0
10 0
10 0
10 0
10 0
10 0
10 0
10 0
10 0
10 0
10 0
10 0
10 0
10 0
10 0
10 0
10 0
10 0
10 0
10 0
10 0
10 0
10 0
10 0
10 0
10 0
10 0
10 0
10 0
10 0
10 0
10 0
10 0
10 0
10 0
10 0
10 0
10 0
10 0
10 0
10 0
10 0
10 0
10 0
10 0
10 0
10 0
10 0
10 0
10 0
10 0
10 0
10 0
10 0
10 0
10 0
10 0
10 0
10 0
10 0
10 0
10 0
10 0
10 0
10 0
10 0
10 0
10 0
10 0
10 0
10 0
10 0
10 0
10 0
10 0
10 0
10 0
10 0
10 0
10 0
10 0
10 0
10 0
10 0
10 0
10 0
10 0
10 0
10 0
10 0
10 0
10 0
10 0
10 0
10 0
10 0
10 0
10 0
10 0
10 0
10 0
10 0
10 0
10 0
10 0
10 0
10 0
10 0
10 0
10 0
10 0
10 0
10 0
10 0
10 0
10 0
10 0
10 0
10 0
10 0
10 0
10 0
10 0
10 0
10 0
10 0
10 0
10 0
10 0
10 0
10 0
10 0
10 0
10 0
10 0
10 0
10 0
10 0
10 0
10 0
10 0
10 0
10 0
10 0
10 0
10 0
10 0
10 0
10 0
10 0
10 0
10 0
10 0
10 0
10 0
10 0
10 0
10 0
10 0
10 0
10 0
10 0
10 0
10 0
10 0
10 0
10 0
10 0
10 0
10 0
10 0
10 0
10 0
10 0
10 0
10 0
10 0
10 0
10 0
10 0
10 0
10 0
10 0
10 0
10 0
10 0
10 0
10 0
10 0
10 0
10 0
10 0
10 0
10 0
10 0
10 0
10 0
10 0
10 0
10 0
10 0
10 0
10 0
10 0
10 0
10 0
10 0
10 0
10 0
10 0
10 0
10 0
10 0
10 0
10 0
10 0
10 0
10 0
10 0
10 0
10 0
10 0
10 0
10 0
10 0
10 0
10 0
10 0
10 0
10 0
10 0
10 0
10 0
10 0
10 0
10 0
10 0
10 0
10 0
10 0
10 0
10 0
10 0
10 0
10 0
10 0
10 0
10 0
10 0
10 0
10 0
10 0
10 0
10 0
10 0
10 0
10 0
10 0
10 0
10 0
10 0
10 0
10 0
10 0
10 0
10 0
10 0
10 0
10 0
10 0
10 0
10 0
10 0
10 0
10 0
10 0
10 0
10 0
10 0
10 0
10 0
10 0
10 0
10 0
10 0
10 0
10 0
10 0
10 0
10 0
10 0
10 0
10 0
10 0
10 0
10 0
10 0
10 0
10 0
10 0
10 0
10 0
10 0
10 0
10 0
10 0
10 0
10 0
10 0
10 0
10 0
10 0
10 0
10 0
10 0
10 0
10 0
10 0
10 0
10 0
10 0
10 0
10 0
10 0
10 0
10 0
10 0
10 0
10 0
10 0
10 0
10 0
10 0
10 0
10 0
10 0
10 0
10 0
10 0
10 0
10 0
10 0
10 0
10 0
10 0
10 0
10 0
10 0
10 0
10 0
10 0
10 0
10 0
10 0
10 0
10 0
10 0
10 0
10 0
10 0
10 0
10 0
10 0
10 0
10 0
10 0
10 0
10 0
10 0
10 0
10 0
10 0
10 0
10 0
10 0
10 0
10 0
10 0
10 0
10 0
10 0
10 0
10 0
10 0
10 0
10 0
10 0
10 0
10 0
10 0
10 0
10 0
10 0
10 0
10 0
10 0
10 0
10 0
10 0
10 0
10 0
10 0
10 0
10 0
10 0
10 0
10 0
10 0
10 0
10 0
10 0
10 0
10 0
10 0
5.05243 1
5.03309 1
5.01893 1
5.00736 1
4.99746 1
4.98878 1
4.98101 1
4.97397 1
4.96755 1
4.96166 1
4.95621 1
4.95117 1
4.9465 1
4.94215 1
4.9381 1
4.93432 1
4.93081 1
4.92752 1
4.92446 1
4.92162 1
4.91897 1
4.91652 1
4.91426 1
4.91216 1
4.91025 1
4.90849 1
4.9069 1
4.90545 1
4.90416 1
4.90302 1
4.90204 1
4.90118 1
4.90049 1
4.89992 1
4.89949 1
4.89919 1
4.89904 1
4.89903 1
4.89915 1
4.89942 1
4.8998 1
4.90034 1
4.90101 1
4.90183 1
4.9028 1
4.90389 1
4.90515 1
4.90655 1
4.90811 1
4.90984 1
4.91172 1
4.91377 1
4.916 1
4.9184 1
4.92101 1
4.9238 1
4.92681 1
4.93005 1
4.9335 1
4.93723 1
4.94121 1
4.94548 1
4.9501 1
4.95504 1
4.96039 1
4.96618 1
4.97247 1
4.97935 1
4.98696 1
4.99544 1
5.00499 1
5.01612 1
5.02958 1
5.04733 1
5.08066 1
5.58323 1
5.56766 1
5.55292 1
5.53891 1
5.52552 1
5.51272 1
5.50044 1
5.48863 1
5.47724 1
5.46626 1
5.45565 1
5.44537 1
5.43542 1
5.42576 1
5.41639 1
5.40726 1
5.39839 1
5.38976 1
5.38135 1
5.37315 1
5.36515 1
5.35734 1
5.34972 1
5.34226 1
5.33498 1
5.32786 1
5.32089 1
5.31407 1
5.3074 1
5.30086 1
5.29445 1
5.28818 1
5.28203 1
5.27599 1
5.27008 1
5.26428 1
5.25858 1
5.253 1
5.24752 1
5.24214 1
5.23686 1
5.23167 1
5.22658 1
5.22158 1
5.21667 1
5.21184 1
5.20709 1
5.20244 1
5.19786 1
5.19336 1
5.18893 1
5.18459 1
5.18032 1
5.17612 1
5.17199 1
5.16793 1
5.16394 1
5.16001 1
5.15616 1
5.15236 1
5.14864 1
5.14497 1
5.14137 1
5.13783 1
5.13435 1
5.13092 1
5.12755 1
5.12424 1
5.12099 1
5.11779 1
5.11465 1
5.11156 1
5.10852 1
5.10554 1
5.1026 1
5.09972 1
5.09689 1
5.09411 1
5.09138 1
5.08869 1
5.08606 1
5.08347 1
5.08093 1
5.07843 1
5.07598 1
5.07358 1
5.07122 1
5.06891 1
5.06664 1
5.06441 1
5.06222 1
5.06008 1
5.05798 1
5.05593 1
5.05391 1
5.05194 1
5.05001 1
5.04812 1
5.04626 1
5.04445 1
5.04268 1
5.04094 1
5.03925 1
5.03759 1
5.03598 1
5.0344 1
5.03286 1
5.03136 1
5.02989 1
5.02846 1
5.02707 1
5.02572 1
5.0244 1
5.02312 1
5.02187 1
5.02066 1
5.01949 1
5.01836 1
5.01725 1
5.01618 1
5.01515 1
5.01416 1
5.01319 1
5.01227 1
5.01137 1
5.01052 1
5.0097 1
5.00891 1
5.00815 1
5.00743 1
5.00674 1
5.00609 1
5.00547 1
5.00488 1
5.00433 1
5.00381 1
5.00332 1
5.00287 1
5.00245 1
5.00207 1
5.00171 1
5.00139 1
5.00111 1
5.00085 1
5.00063 1
5.00045 1
5.00029 1
5.00017 1
5.00008 1
5.00002 1
5 1
5.00001 1
5.00005 1
5.00013 1
5.00024 1
5.00038 1
5.00055 1
5.00076 1
5.001 1
5.00127 1
5.00158 1
5.00191 1
5.00229 1
5.00269 1
5.00313 1
5.0036 1
5.00411 1
5.00465 1
5.00522 1
5.00583 1
5.00647 1
5.00714 1
5.00785 1
5.00859 1
5.00936 1
5.01017 1
5.01102 1
5.01189 1
5.01281 1
5.01376 1
5.01474 1
5.01575 1
5.01681 1
5.01789 1
5.01902 1
5.02017 1
5.02137 1
5.0226 1
5.02386 1
5.02517 1
5.02651 1
5.02788 1
5.0293 1
5.03075 1
5.03223 1
5.03376 1
5.03532 1
5.03692 1
5.03856 1
5.04024 1
5.04195 1
5.04371 1
5.04551 1
5.04734 1
5.04922 1
5.05113 1
5.05309 1
5.05509 1
5.05713 1
5.05921 1
5.06133 1
5.0635 1
5.06571 1
5.06796 1
5.07025 1
5.0726 1
5.07498 1
5.07741 1
5.07989 1
5.08241 1
5.08498 1
5.08759 1
5.09026 1
5.09297 1
5.09573 1
5.09854 1
5.1014 1
5.10431 1
5.10728 1
5.11029 1
5.11336 1
5.11648 1
5.11966 1
5.12289 1
5.12617 1
5.12952 1
5.13292 1
5.13637 1
5.13989 1
5.14347 1
5.14711 1
5.15081 1
5.15458 1
5.15841 1
5.1623 1
5.16627 1
5.1703 1
5.1744 1
5.17857 1
5.18281 1
5.18713 1
5.19151 1
5.19599 1
5.20053 1
5.20515 1
5.20986 1
5.21466 1
5.21953 1
5.2245 1
5.22955 1
5.2347 1
5.23994 1
5.24528 1
5.25072 1
5.25626 1
5.26191 1
5.26766 1
5.27352 1
5.27951 1
5.28561 1
5.29183 1
5.29819 1
5.30467 1
5.31128 1
5.31805 1
5.32495 1
5.33201 1
5.33922 1
5.3466 1
5.35415 1
5.36189 1
5.36981 1
5.37792 1
5.38625 1
5.39479 1
5.40356 1
5.41257 1
5.42184 1
5.43138 1
5.44121 1
5.45135 1
5.46182 1
5.47265 1
5.48386 1
5.49549 1
5.50757 1
5.52015 1
5.53329 1
5.54703 1
5.56147 1
5.57668 1
5.59278 1
5.60993 1
5.6283 1
5.64817 1
5.6699 1
5.69407 1
5.7216 1
5.75424 1
5.79616 1
5.86788 1
10 0
10 0
10 0
10 0
10 0
10 0
10 0
10 0
10 0
10 0
10 0
10 0
10 0
10 0
10 0
10 0
10 0
10 0
10 0
10 0
10 0
10 0
10 0
10 0
10 0
10 0
10 0
10 0
10 0
10 0
10 0
10 0
10 0
10 0
10 0
10 0
10 0
10 0
10 0
10 0
10 0
10 0
10 0
10 0
10 0
10 0
10 0
10 0
10 0
10 0
10 0
10 0
10 0
10 0
10 0
10 0
10 0
10 0
10 0
10 0
10 0
10 0
10 0
10 0
10 0
10 0
10 0
10 0
10 0
10 0
10 0
10 0
10 0
10 0
10 0
10 0
10 0
10 0
10 0
10 0
10 0
10 0
10 0
10 0
10 0
10 0
10 0
10 0
10 0
10 0
10 0
10 0
10 0
10 0
10 0
10 0
10 0
10 0
10 0
10 0
10 0
10 0
10 0
10 0
10 0
10 0
10 0
10 0
10 0
10 0
10 0
10 0
10 0
10 0
10 0
10 0
10 0
10 0
10 0
10 0
10 0
10 0
10 0
10 0
10 0
10 0
10 0
10 0
10 0
10 0
10 0
10 0
10 0
10 0
10 0
10 0
10 0
10 0
10 0
10 0
10 0
10 0
10 0
10 0
10 0
10 0
10 0
10 0
10 0
10 0
10 0
10 0
10 0
10 0
10 0
10 0
10 0
10 0
10 0
10 0
10 0
10 0
10 0
10 0
10 0
10 0
10 0
10 0
10 0
10 0
