10 0
10 0
10 0
10 0
10 0
10 0
10 0
10 0
10 0
10 0
10 0
10 0
10 0
10 0
10 0
10 0
10 0
10 0
10 0
10 0
10 0
10 0
10 0
10 0
10 0
10 0
10 0
10 0
10 0
10 0
10 0
10 0
10 0
10 0
10 0
10 0
10 0
10 0
10 0
10 0
10 0
10 0
10 0
10 0
10 0
10 0
10 0
10 0
10 0
10 0
10 0
10 0
10 0
10 0
10 0
10 0
10 0
10 0
10 0
10 0
10 0
10 0
10 0
10 0
10 0
10 0
10 0
10 0
10 0
10 0
10 0
10 0
10 0
10 0
10 0
10 0
10 0
10 0
10 0
10 0
10 0
10 0
10 0
10 0
10 0
10 0
10 0
10 0
10 0
10 0
10 0
10 0
10 0
10 0
10 0
10 0
10 0
10 0
10 0
10 0
10 0
10 0
10 0
10 0
10 0
10 0
10 0
10 0
10 0
10 0
10 0
10 0
10 0
10 0
10 0
10 0
10 0
10 0
10 0
10 0
10 0
10 0
10 0
10 0
10 0
10 0
10 0
10 0
10 0
10 0
10 0
10 0
10 0
10 0
10 0
10 0
10 0
10 0
10 0
10 0
10 0
10 0
10 0
10 0
10 0
10 0
10 0
10 0
10 0
10 0
10 0
10 0
10 0
10 0
10 0
10 0
10 0
10 0
10 0
10 0
10 0
10 0
10 0
10 0
10 0
10 0
10 0
10 0
10 0
10 0
10 0
10 0
10 0
10 0
10 0
10 0
10 0
10 0
10 0
10 0
10 0
10 0
10 0
10 0
10 0
10 0
10 0
10 0
10 0
10 0
10 0
10 0
10 0
10 0
10 0
10 0
10 0
10 0
10 0
10 0
10 0
10 0
10 0
10 0
10 0
10 0
10 0
10 0
10 0
10 0
10 0
10 0
10 0
10 0
10 0
10 0
10 0
10 0
10 0
10 0
10 0
10 0
10 0
10 0
10 0
10 0
10 0
10 0
10 0
10 0
10 0
10 0
10 0
10 0
10 0
10 0
10 0
10 0
10 0
10 0
10 0
10 0
10 0
10 0
10 0
10 0
10 0
10 0
10 0
10 0
10 0
10 0
10 0
10 0
10 0
10 0
10 0
10 0
10 0
10 0
10 0
10 0
10 0
10 0
10 0
10 0
10 0
10 0
10 0
10 0
10 0
10 0
10 0
10 0
10 0
10 0
10 0
10 0
10 0
10 0
10 0
10 0
10 0
10 0
10 0
10 0
10 0
10 0
10 0
10 0
10 0
10 0
10 0
10 0
10 0
10 0
10 0
10 0
10 0
10 0
10 0
10 0
10 0
10 0
10 0
10 0
10 0
10 0
10 0
10 0
10 0
10 0
10 0
10 0
10 0
10 0
10 0
10 0
10 0
10 0
10 0
10 0
10 0
10 0
10 0
10 0
10 0
10 0
10 0
10 0
10 0
10 0
10 0
10 0
10 0
10 0
10 0
10 0
10 0
10 0
10 0
10 0
10 0
10 0
10 0
10 0
10 0
10 0
10 0
10 0
10 0
10 0
10 0
10 0
10 0
10 0
10 0
10 0
10 0
10 0
10 0
10 0
10 0
10 0
10 0
10 0
10 0
10 0
10 0
10 0
10 0
10 0
10 0
10 0
10 0
10 0
10 0
10 0
10 0
10 0
10 0
10 0
10 0
10 0
10 0
10 0
10 0
10 0
10 0
10 0
10 0
10 0
10 0
10 0
10 0
10 0
10 0
10 0
10 0
10 0
10 0
10 0
10 0
10 0
10 0
10 0
10 0
10 0
10 0
10 0
10 0
10 0
10 0
10 0
10 0
10 0
10 0
10 0
10 0
10 0
10 0
10 0
10 0
10 0
10 0
10 0
10 0
10 0
10 0
10 0
10 0
10 0
10 0
10 0
10 0
10 0
10 0
10 0
10 0
10 0
10 0
10 0
10 0
10 0
10 0
10 0
10 0
10 0
10 0
10 0
10 0
10 0
10 0
10 0
10 0
10 0
10 0
10 0
10 0
10 0
10 0
10 0
10 0
10 0
10 0
10 0
10 0
10 0
10 0
10 0
10 0
10 0
10 0
10 0
10 0
10 0
10 0
10 0
10 0
10 0
10 0
10 0
10 0
10 0
10 0
10 0
10 0
10 0
10 0
10 0
10 0
10 0
10 0
10 0
10 0
10 0
10 0
10 0
10 0
10 0
10 0
10 0
10 0
10 0
10 0
10 0
10 0
10 0
10 0
10 0
10 0
10 0
10 0
10 0
10 0
10 0
10 0
10 0
10 0
10 0
10 0
10 0
10 0
10 0
10 0
10 0
10 0
10 0
10 0
10 0
10 0
10 0
10 0
10 0
10 0
10 0
10 0
10 0
10 0
10 0
10 0
10 0
10 0
10 0
10 0
10 0
10 0
10 0
10 0
10 0
10 0
10 0
10 0
10 0
10 0
10 0
10 0
10 0
10 0
10 0
10 0
10 0
10 0
10 0
10 0
10 0
10 0
10 0
10 0
10 0
10 0
10 0
10 0
10 0
10 0
10 0
10 0
10 0
10 0
10 0
10 0
10 0
10 0
10 0
10 0
10 0
10 0
10 0
10 0
10 0
10 0
10 0
10 0
10 0
10 0
10 0
10 0
10 0
10 0
10 0
10 0
10 0
10 0
10 0
10 0
10 0
10 0
10 0
10 0
10 0
5.07422 1
5.04508 1
5.028 1
5.01484 1
5.0039 1
4.99447 1
4.98609 1
4.97859 1
4.97177 1
4.96553 1
4.9598 1
4.9545 1
4.94958 1
4.94502 1
4.94078 1
4.9368 1
4.93312 1
4.92968 1
4.92648 1
4.92349 1
4.92072 1
4.91813 1
4.91574 1
4.91354 1
4.9115 1
4.90964 1
4.90793 1
4.9064 1
4.905 1
4.90378 1
4.90269 1
4.90174 1
4.90093 1
4.90027 1
4.89976 1
4.89937 1
4.89913 1
4.89902 1
4.89906 1
4.89922 1
4.89952 1
4.89997 1
4.90056 1
4.90127 1
4.90213 1
4.90314 1
4.90429 1
4.90561 1
4.90706 1
4.90866 1
4.91045 1
4.91238 1
4.91449 1
4.91678 1
4.91926 1
4.92191 1
4.92479 1
4.92786 1
4.93117 1
4.93471 1
4.93853 1
4.94259 1
4.94698 1
4.9517 1
4.95678 1
4.96227 1
4.96821 1
4.97471 1
4.98179 1
4.98967 1
4.99849 1
5.00852 1
5.02032 1
5.03485 1
5.0551 1
5.59413 1
5.57795 1
5.56267 1
5.54818 1
5.53439 1
5.5212 1
5.50857 1
5.49645 1
5.48479 1
5.47355 1
5.46269 1
5.45219 1
5.44202 1
5.43217 1
5.42261 1
5.41332 1
5.40428 1
5.3955 1
5.38693 1
5.3786 1
5.37046 1
5.36253 1
5.35478 1
5.34721 1
5.33982 1
5.33259 1
5.32552 1
5.3186 1
5.31183 1
5.3052 1
5.29871 1
5.29235 1
5.28611 1
5.28 1
5.27401 1
5.26813 1
5.26237 1
5.25672 1
5.25116 1
5.24571 1
5.24037 1
5.23512 1
5.22996 1
5.2249 1
5.21993 1
5.21505 1
5.21025 1
5.20553 1
5.2009 1
5.19635 1
5.19188 1
5.18748 1
5.18316 1
5.17891 1
5.17473 1
5.17063 1
5.16659 1
5.16262 1
5.15872 1
5.15489 1
5.15112 1
5.14741 1
5.14377 1
5.14018 1
5.13666 1
5.1332 1
5.12979 1
5.12644 1
5.12315 1
5.11992 1
5.11674 1
5.11361 1
5.11054 1
5.10752 1
5.10455 1
5.10164 1
5.09877 1
5.09596 1
5.09319 1
5.09048 1
5.08781 1
5.08519 1
5.08261 1
5.08009 1
5.07761 1
5.07518 1
5.07279 1
5.07044 1
5.06814 1
5.06589 1
5.06368 1
5.06151 1
5.05938 1
5.05729 1
5.05525 1
5.05325 1
5.05129 1
5.04937 1
5.04749 1
5.04565 1
5.04385 1
5.04209 1
5.04038 1
5.0387 1
5.03705 1
5.03545 1
5.03388 1
5.03235 1
5.03086 1
5.02941 1
5.028 1
5.02662 1
5.02527 1
5.02397 1
5.0227 1
5.02147 1
5.02027 1
5.01911 1
5.01798 1
5.01689 1
5.01584 1
5.01482 1
5.01383 1
5.01288 1
5.01197 1
5.01109 1
5.01024 1
5.00943 1
5.00865 1
5.00791 1
5.0072 1
5.00652 1
5.00588 1
5.00527 1
5.00469 1
5.00415 1
5.00364 1
5.00317 1
5.00273 1
5.00232 1
5.00195 1
5.0016 1
5.0013 1
5.00102 1
5.00078 1
5.00057 1
5.00039 1
5.00025 1
5.00013 1
5.00006 1
5.00001 1
5 1
5.00002 1
5.00008 1
5.00016 1
5.00028 1
5.00043 1
5.00062 1
5.00083 1
5.00108 1
5.00137 1
5.00169 1
5.00204 1
5.00242 1
5.00283 1
5.00329 1
5.00377 1
5.00429 1
5.00483 1
5.00542 1
5.00604 1
5.00669 1
5.00737 1
5.00809 1
5.00884 1
5.00963 1
5.01045 1
5.0113 1
5.01219 1
5.01312 1
5.01408 1
5.01507 1
5.0161 1
5.01716 1
5.01826 1
5.0194 1
5.02057 1
5.02177 1
5.02302 1
5.02429 1
5.02561 1
5.02696 1
5.02835 1
5.02978 1
5.03124 1
5.03274 1
5.03427 1
5.03585 1
5.03746 1
5.03911 1
5.04081 1
5.04254 1
5.0443 1
5.04611 1
5.04796 1
5.04985 1
5.05178 1
5.05375 1
5.05576 1
5.05781 1
5.05991 1
5.06205 1
5.06423 1
5.06645 1
5.06872 1
5.07103 1
5.07339 1
5.07579 1
5.07823 1
5.08072 1
5.08326 1
5.08584 1
5.08848 1
5.09116 1
5.09388 1
5.09666 1
5.09949 1
5.10237 1
5.1053 1
5.10828 1
5.11131 1
5.11439 1
5.11753 1
5.12073 1
5.12397 1
5.12728 1
5.13064 1
5.13406 1
5.13754 1
5.14108 1
5.14468 1
5.14834 1
5.15206 1
5.15585 1
5.1597 1
5.16362 1
5.1676 1
5.17165 1
5.17578 1
5.17997 1
5.18424 1
5.18858 1
5.193 1
5.19749 1
5.20206 1
5.20671 1
5.21145 1
5.21627 1
5.22117 1
5.22617 1
5.23125 1
5.23643 1
5.24171 1
5.24708 1
5.25255 1
5.25813 1
5.26381 1
5.2696 1
5.2755 1
5.28153 1
5.28767 1
5.29393 1
5.30033 1
5.30686 1
5.31352 1
5.32033 1
5.32728 1
5.33439 1
5.34166 1
5.3491 1
5.35671 1
5.36451 1
5.37249 1
5.38068 1
5.38907 1
5.39769 1
5.40653 1
5.41563 1
5.42499 1
5.43463 1
5.44455 1
5.4548 1
5.46539 1
5.47634 1
5.48768 1
5.49946 1
5.51171 1
5.52446 1
5.5378 1
5.55176 1
5.56645 1
5.58193 1
5.59837 1
5.6159 1
5.63474 1
5.65518 1
5.67765 1
5.70281 1
5.73177 1
5.76681 1
5.81411 1
10 0
10 0
10 0
10 0
