10 0
10 0
10 0
10 0
10 0
10 0
10 0
10 0
10 0
10 0
10 0
10 0
10 0
10 0
10 0
10 0
10 0
10 0
10 0
10 0
10 0
10 0
10 0
10 0
10 0
10 0
10 0
10 0
10 0
10 0
10 0
10 0
10 0
10 0
10 0
10 0
10 0
10 0
10 0
10 0
10 0
10 0
10 0
10 0
10 0
10 0
10 0
10 0
10 0
10 0
10 0
10 0
10 0
10 0
10 0
10 0
10 0
10 0
10 0
10 0
10 0
10 0
10 0
10 0
10 0
10 0
10 0
10 0
10 0
10 0
10 0
10 0
10 0
10 0
10 0
10 0
10 0
10 0
10 0
10 0
10 0
10 0
10 0
10 0
10 0
10 0
10 0
10 0
10 0
10 0
10 0
10 0
10 0
10 0
10 0
10 0
10 0
10 0
10 0
10 0
10 0
10 0
10 0
10 0
10 0
10 0
10 0
10 0
10 0
10 0
10 0
10 0
10 0
10 0
10 0
10 0
10 0
10 0
10 0
10 0
10 0
10 0
10 0
10 0
10 0
10 0
10 0
10 0
10 0
10 0
10 0
10 0
10 0
10 0
10 0
10 0
10 0
10 0
10 0
10 0
10 0
10 0
10 0
10 0
10 0
10 0
10 0
10 0
10 0
10 0
10 0
10 0
10 0
10 0
10 0
10 0
10 0
10 0
10 0
10 0
10 0
10 0
10 0
10 0
10 0
10 0
10 0
10 0
10 0
10 0
10 0
10 0
10 0
10 0
10 0
10 0
10 0
10 0
10 0
10 0
10 0
10 0
10 0
10 0
10 0
10 0
10 0
10 0
10 0
10 0
10 0
10 0
10 0
10 0
10 0
10 0
10 0
10 0
10 0
10 0
10 0
10 0
10 0
10 0
10 0
10 0
10 0
10 0
10 0
10 0
10 0
10 0
10 0
10 0
10 0
10 0
10 0
10 0
10 0
10 0
10 0
10 0
10 0
10 0
10 0
10 0
10 0
10 0
10 0
10 0
10 0
10 0
10 0
10 0
10 0
10 0
10 0
10 0
10 0
10 0
10 0
10 0
10 0
10 0
10 0
10 0
10 0
10 0
10 0
10 0
10 0
10 0
10 0
10 0
10 0
10 0
10 0
10 0
10 0
10 0
10 0
10 0
10 0
10 0
10 0
10 0
10 0
10 0
10 0
10 0
10 0
10 0
10 0
10 0
5.06024 1
5.03802 1
5.02274 1
5.01055 1
5.00024 1
4.99122 1
4.98319 1
4.97596 1
4.96936 1
4.96333 1
4.95777 1
4.95262 1
4.94783 1
4.94339 1
4.93925 1
4.93539 1
4.93181 1
4.92846 1
4.92533 1
4.92243 1
4.91972 1
4.91722 1
4.9149 1
4.91276 1
4.91079 1
4.90898 1
4.90735 1
4.90586 1
4.90452 1
4.90334 1
4.90231 1
4.90142 1
4.90067 1
4.90007 1
4.89959 1
4.89926 1
4.89908 1
4.89902 1
4.8991 1
4.89932 1
4.89968 1
4.90018 1
4.9008 1
4.90158 1
4.9025 1
4.90356 1
4.90476 1
4.90613 1
4.90764 1
4.90932 1
4.91115 1
4.91315 1
4.91533 1
4.91767 1
4.92022 1
4.92296 1
4.92591 1
4.92907 1
4.93246 1
4.9361 1
4.94001 1
4.9442 1
4.9487 1
4.95355 1
4.95879 1
4.96444 1
4.97057 1
4.97729 1
4.98465 1
4.99284 1
5.00207 1
5.01267 1
5.02531 1
5.04144 1
5.06645 1
5.58797 1
5.57213 1
5.55716 1
5.54294 1
5.52938 1
5.51641 1
5.50398 1
5.49203 1
5.48054 1
5.46944 1
5.45872 1
5.44835 1
5.4383 1
5.42856 1
5.4191 1
5.40991 1
5.40097 1
5.39227 1
5.38379 1
5.37553 1
5.36747 1
5.35961 1
5.35193 1
5.34443 1
5.33709 1
5.32993 1
5.32291 1
5.31605 1
5.30934 1
5.30276 1
5.29631 1
5.29 1
5.28381 1
5.27775 1
5.2718 1
5.26596 1
5.26024 1
5.25462 1
5.24911 1
5.2437 1
5.2384 1
5.23318 1
5.22806 1
5.22303 1
5.21809 1
5.21324 1
5.20848 1
5.20379 1
5.19919 1
5.19467 1
5.19022 1
5.18585 1
5.18156 1
5.17734 1
5.17319 1
5.16911 1
5.1651 1
5.16116 1
5.15728 1
5.15347 1
5.14972 1
5.14604 1
5.14242 1
5.13885 1
5.13536 1
5.13191 1
5.12853 1
5.12521 1
5.12194 1
5.11872 1
5.11556 1
5.11246 1
5.1094 1
5.1064 1
5.10346 1
5.10056 1
5.09771 1
5.09492 1
5.09217 1
5.08947 1
5.08682 1
5.08422 1
5.08167 1
5.07916 1
5.07669 1
5.07428 1
5.07191 1
5.06958 1
5.0673 1
5.06506 1
5.06286 1
5.06071 1
5.05859 1
5.05653 1
5.0545 1
5.05251 1
5.05057 1
5.04866 1
5.0468 1
5.04498 1
5.04319 1
5.04145 1
5.03974 1
5.03808 1
5.03645 1
5.03486 1
5.03331 1
5.03179 1
5.03031 1
5.02888 1
5.02747 1
5.02611 1
5.02478 1
5.02349 1
5.02224 1
5.02101 1
5.01983 1
5.01868 1
5.01757 1
5.01649 1
5.01545 1
5.01445 1
5.01347 1
5.01254 1
5.01163 1
5.01076 1
5.00993 1
5.00913 1
5.00837 1
5.00764 1
5.00694 1
5.00627 1
5.00565 1
5.00505 1
5.00449 1
5.00396 1
5.00346 1
5.003 1
5.00257 1
5.00217 1
5.00181 1
5.00148 1
5.00119 1
5.00093 1
5.00069 1
5.0005 1
5.00033 1
5.0002 1
5.0001 1
5.00004 1
5 1
5 1
5.00004 1
5.0001 1
5.0002 1
5.00033 1
5.0005 1
5.00069 1
5.00093 1
5.00119 1
5.00148 1
5.00181 1
5.00217 1
5.00257 1
5.003 1
5.00346 1
5.00396 1
5.00449 1
5.00505 1
5.00565 1
5.00627 1
5.00694 1
5.00764 1
5.00837 1
5.00913 1
5.00993 1
5.01076 1
5.01163 1
5.01254 1
5.01347 1
5.01445 1
5.01545 1
5.01649 1
5.01757 1
5.01868 1
5.01983 1
5.02101 1
5.02224 1
5.02349 1
5.02478 1
5.02611 1
5.02747 1
5.02888 1
5.03031 1
5.03179 1
5.03331 1
5.03486 1
5.03645 1
5.03808 1
5.03974 1
5.04145 1
5.04319 1
5.04498 1
5.0468 1
5.04866 1
5.05057 1
5.05251 1
5.0545 1
5.05653 1
5.05859 1
5.06071 1
5.06286 1
5.06506 1
5.0673 1
5.06958 1
5.07191 1
5.07428 1
5.07669 1
5.07916 1
5.08167 1
5.08422 1
5.08682 1
5.08947 1
5.09217 1
5.09492 1
5.09771 1
5.10056 1
5.10346 1
5.1064 1
5.1094 1
5.11246 1
5.11556 1
5.11872 1
5.12194 1
5.12521 1
5.12853 1
5.13191 1
5.13536 1
5.13885 1
5.14242 1
5.14604 1
5.14972 1
5.15347 1
5.15728 1
5.16116 1
5.1651 1
5.16911 1
5.17319 1
5.17734 1
5.18156 1
5.18585 1
5.19022 1
5.19467 1
5.19919 1
5.20379 1
5.20848 1
5.21324 1
5.21809 1
5.22303 1
5.22806 1
5.23318 1
5.2384 1
5.2437 1
5.24911 1
5.25462 1
5.26024 1
5.26596 1
5.2718 1
5.27775 1
5.28381 1
5.29 1
5.29631 1
5.30276 1
5.30934 1
5.31605 1
5.32291 1
5.32993 1
5.33709 1
5.34443 1
5.35193 1
5.35961 1
5.36747 1
5.37553 1
5.38379 1
5.39227 1
5.40097 1
5.40991 1
5.4191 1
5.42856 1
5.4383 1
5.44835 1
5.45872 1
5.46944 1
5.48054 1
5.49203 1
5.50398 1
5.51641 1
5.52938 1
5.54294 1
5.55716 1
5.57213 1
5.58797 1
5.60479 1
5.62277 1
5.64217 1
5.66332 1
5.68671 1
5.71311 1
5.74399 1
5.78245 1
5.83937 1
10 0
10 0
10 0
10 0
10 0
10 0
10 0
10 0
10 0
10 0
10 0
10 0
10 0
10 0
10 0
10 0
10 0
10 0
10 0
10 0
10 0
10 0
10 0
10 0
10 0
10 0
10 0
10 0
10 0
10 0
10 0
10 0
10 0
10 0
10 0
10 0
10 0
10 0
10 0
10 0
10 0
10 0
10 0
10 0
10 0
10 0
10 0
10 0
10 0
10 0
10 0
10 0
10 0
10 0
10 0
10 0
10 0
10 0
10 0
10 0
10 0
10 0
10 0
10 0
10 0
10 0
10 0
10 0
10 0
10 0
10 0
10 0
10 0
10 0
10 0
10 0
10 0
10 0
10 0
10 0
10 0
10 0
10 0
10 0
10 0
10 0
10 0
10 0
10 0
10 0
10 0
10 0
10 0
10 0
10 0
10 0
10 0
10 0
10 0
10 0
10 0
10 0
10 0
10 0
10 0
10 0
10 0
10 0
10 0
10 0
10 0
10 0
10 0
10 0
10 0
10 0
10 0
10 0
10 0
10 0
10 0
10 0
10 0
10 0
10 0
10 0
10 0
10 0
10 0
10 0
10 0
10 0
10 0
10 0
10 0
10 0
10 0
10 0
10 0
10 0
10 0
10 0
10 0
10 0
10 0
10 0
10 0
10 0
10 0
10 0
10 0
10 0
10 0
10 0
10 0
10 0
10 0
10 0
10 0
10 0
10 0
10 0
10 0
10 0
10 0
10 0
10 0
10 0
10 0
10 0
10 0
10 0
10 0
10 0
10 0
10 0
10 0
10 0
10 0
10 0
10 0
10 0
10 0
10 0
10 0
10 0
10 0
10 0
10 0
10 0
10 0
10 0
10 0
10 0
10 0
10 0
10 0
10 0
10 0
10 0
10 0
10 0
10 0
10 0
10 0
10 0
10 0
10 0
10 0
10 0
10 0
10 0
10 0
10 0
10 0
10 0
10 0
10 0
10 0
10 0
10 0
10 0
10 0
10 0
10 0
10 0
10 0
10 0
10 0
10 0
10 0
10 0
10 0
10 0
10 0
10 0
10 0
10 0
10 0
10 0
10 0
10 0
10 0
10 0
10 0
10 0
10 0
10 0
10 0
10 0
10 0
10 0
10 0
10 0
10 0
10 0
10 0
10 0
10 0
10 0
10 0
10 0
10 0
10 0
10 0
10 0
10 0
10 0
10 0
10 0
10 0
10 0
10 0
10 0
10 0
10 0
10 0
10 0
10 0
10 0
10 0
10 0
10 0
10 0
10 0
10 0
10 0
10 0
10 0
10 0
10 0
10 0
10 0
10 0
10 0
10 0
10 0
10 0
10 0
10 0
10 0
10 0
10 0
10 0
10 0
10 0
10 0
10 0
10 0
10 0
10 0
10 0
10 0
10 0
10 0
10 0
10 0
10 0
10 0
10 0
10 0
10 0
10 0
10 0
10 0
10 0
10 0
10 0
10 0
10 0
10 0
10 0
10 0
10 0
10 0
10 0
10 0
10 0
10 0
10 0
