10 0
10 0
10 0
10 0
10 0
10 0
10 0
10 0
10 0
10 0
10 0
10 0
10 0
10 0
10 0
10 0
10 0
10 0
10 0
10 0
10 0
10 0
10 0
10 0
10 0
10 0
10 0
10 0
10 0
10 0
10 0
10 0
10 0
10 0
10 0
10 0
10 0
10 0
10 0
10 0
10 0
10 0
10 0
10 0
10 0
10 0
10 0
10 0
10 0
10 0
10 0
10 0
10 0
10 0
10 0
10 0
10 0
10 0
10 0
10 0
10 0
10 0
10 0
10 0
10 0
10 0
10 0
10 0
10 0
10 0
10 0
10 0
10 0
10 0
10 0
10 0
10 0
10 0
10 0
10 0
10 0
10 0
10 0
10 0
10 0
10 0
10 0
10 0
10 0
10 0
10 0
10 0
10 0
10 0
10 0
10 0
10 0
10 0
10 0
10 0
10 0
10 0
10 0
10 0
10 0
10 0
10 0
10 0
10 0
10 0
10 0
10 0
10 0
10 0
10 0
10 0
10 0
10 0
10 0
10 0
10 0
10 0
10 0
10 0
10 0
10 0
10 0
10 0
10 0
10 0
10 0
10 0
10 0
10 0
10 0
10 0
10 0
10 0
10 0
10 0
10 0
10 0
10 0
10 0
10 0
10 0
10 0
10 0
10 0
10 0
10 0
10 0
10 0
10 0
10 0
10 0
10 0
10 0
10 0
10 0
10 0
10 0
10 0
10 0
10 0
10 0
10 0
10 0
10 0
10 0
10 0
10 0
10 0
10 0
10 0
10 0
10 0
10 0
10 0
10 0
10 0
10 0
10 0
10 0
10 0
10 0
10 0
10 0
10 0
10 0
10 0
10 0
10 0
10 0
10 0
10 0
10 0
10 0
10 0
10 0
10 0
10 0
10 0
10 0
10 0
10 0
10 0
10 0
10 0
10 0
10 0
10 0
10 0
10 0
10 0
10 0
10 0
10 0
10 0
10 0
10 0
10 0
10 0
10 0
10 0
10 0
10 0
10 0
10 0
10 0
10 0
10 0
10 0
10 0
10 0
10 0
10 0
10 0
10 0
10 0
10 0
10 0
10 0
10 0
10 0
10 0
10 0
10 0
10 0
10 0
10 0
10 0
10 0
10 0
10 0
10 0
10 0
10 0
10 0
10 0
10 0
10 0
10 0
10 0
10 0
10 0
10 0
10 0
10 0
10 0
10 0
10 0
10 0
10 0
10 0
10 0
10 0
10 0
10 0
10 0
10 0
10 0
10 0
10 0
10 0
10 0
10 0
10 0
10 0
10 0
10 0
10 0
10 0
10 0
10 0
10 0
10 0
10 0
10 0
10 0
10 0
10 0
10 0
10 0
10 0
10 0
10 0
10 0
10 0
10 0
10 0
10 0
10 0
10 0
10 0
10 0
10 0
10 0
10 0
10 0
10 0
10 0
10 0
10 0
10 0
10 0
10 0
10 0
10 0
10 0
10 0
10 0
10 0
10 0
10 0
10 0
10 0
10 0
10 0
10 0
10 0
10 0
10 0
10 0
10 0
10 0
10 0
10 0
10 0
10 0
10 0
10 0
10 0
10 0
10 0
10 0
10 0
10 0
10 0
10 0
10 0
10 0
10 0
10 0
10 0
10 0
10 0
10 0
10 0
10 0
10 0
10 0
10 0
10 0
10 0
10 0
10 0
10 0
10 0
10 0
10 0
10 0
10 0
10 0
10 0
10 0
10 0
10 0
10 0
10 0
10 0
10 0
10 0
10 0
10 0
10 0
10 0
10 0
10 0
10 0
10 0
10 0
10 0
10 0
10 0
10 0
10 0
10 0
10 0
10 0
10 0
10 0
10 0
10 0
10 0
10 0
10 0
10 0
10 0
10 0
10 0
10 0
10 0
10 0
10 0
10 0
10 0
10 0
10 0
10 0
10 0
10 0
10 0
10 0
10 0
10 0
10 0
10 0
10 0
10 0
10 0
10 0
10 0
10 0
10 0
10 0
10 0
10 0
10 0
10 0
10 0
10 0
10 0
10 0
10 0
10 0
10 0
10 0
10 0
10 0
10 0
10 0
10 0
10 0
10 0
10 0
10 0
10 0
10 0
10 0
10 0
10 0
10 0
10 0
10 0
10 0
10 0
10 0
10 0
10 0
10 0
10 0
10 0
10 0
10 0
10 0
10 0
10 0
10 0
10 0
10 0
10 0
10 0
10 0
10 0
10 0
10 0
10 0
10 0
10 0
10 0
10 0
10 0
10 0
10 0
10 0
10 0
10 0
10 0
10 0
10 0
10 0
10 0
10 0
10 0
10 0
10 0
10 0
10 0
10 0
10 0
10 0
10 0
10 0
10 0
10 0
10 0
10 0
10 0
10 0
10 0
10 0
10 0
10 0
10 0
10 0
10 0
10 0
10 0
10 0
10 0
10 0
10 0
10 0
10 0
10 0
10 0
10 0
10 0
10 0
10 0
10 0
10 0
10 0
10 0
10 0
10 0
10 0
10 0
10 0
10 0
10 0
10 0
10 0
10 0
10 0
10 0
10 0
10 0
10 0
10 0
10 0
10 0
10 0
10 0
10 0
10 0
10 0
10 0
10 0
10 0
10 0
10 0
10 0
10 0
10 0
10 0
10 0
10 0
10 0
10 0
10 0
10 0
10 0
10 0
10 0
10 0
10 0
10 0
10 0
10 0
10 0
10 0
10 0
10 0
10 0
10 0
10 0
10 0
10 0
10 0
10 0
10 0
10 0
10 0
10 0
10 0
10 0
10 0
10 0
10 0
10 0
10 0
10 0
10 0
10 0
10 0
10 0
10 0
10 0
10 0
10 0
10 0
10 0
10 0
10 0
10 0
10 0
10 0
10 0
10 0
10 0
10 0
10 0
10 0
10 0
10 0
10 0
10 0
10 0
10 0
10 0
10 0
10 0
10 0
10 0
10 0
10 0
10 0
10 0
10 0
10 0
10 0
10 0
10 0
10 0
10 0
10 0
10 0
10 0
10 0
10 0
10 0
10 0
10 0
10 0
10 0
10 0
10 0
10 0
10 0
10 0
10 0
10 0
10 0
10 0
10 0
10 0
10 0
10 0
10 0
10 0
10 0
10 0
10 0
10 0
10 0
10 0
10 0
10 0
10 0
10 0
10 0
10 0
10 0
10 0
10 0
10 0
10 0
10 0
10 0
10 0
10 0
10 0
10 0
10 0
10 0
10 0
10 0
10 0
10 0
10 0
10 0
10 0
10 0
10 0
10 0
10 0
10 0
10 0
10 0
10 0
10 0
10 0
10 0
10 0
10 0
10 0
10 0
10 0
10 0
10 0
10 0
10 0
10 0
10 0
10 0
10 0
10 0
10 0
10 0
10 0
10 0
10 0
10 0
10 0
10 0
10 0
10 0
10 0
10 0
10 0
10 0
10 0
10 0
10 0
10 0
10 0
10 0
10 0
10 0
10 0
10 0
10 0
10 0
10 0
10 0
10 0
10 0
10 0
10 0
10 0
10 0
10 0
10 0
10 0
10 0
10 0
10 0
10 0
10 0
10 0
10 0
10 0
10 0
10 0
10 0
10 0
10 0
10 0
10 0
10 0
10 0
10 0
10 0
10 0
10 0
10 0
10 0
10 0
10 0
10 0
10 0
10 0
10 0
10 0
10 0
10 0
10 0
10 0
10 0
10 0
10 0
10 0
10 0
10 0
10 0
10 0
10 0
10 0
10 0
10 0
10 0
10 0
10 0
10 0
10 0
10 0
10 0
10 0
10 0
10 0
10 0
10 0
10 0
10 0
10 0
10 0
10 0
10 0
10 0
10 0
10 0
10 0
10 0
10 0
10 0
10 0
10 0
10 0
10 0
10 0
10 0
10 0
10 0
10 0
10 0
10 0
10 0
10 0
10 0
10 0
10 0
10 0
10 0
10 0
10 0
10 0
10 0
10 0
10 0
10 0
10 0
10 0
10 0
10 0
10 0
10 0
10 0
10 0
10 0
10 0
10 0
10 0
10 0
10 0
10 0
10 0
10 0
10 0
10 0
10 0
10 0
10 0
10 0
10 0
10 0
10 0
10 0
10 0
10 0
10 0
10 0
10 0
10 0
10 0
10 0
10 0
10 0
10 0
10 0
10 0
10 0
10 0
10 0
10 0
10 0
10 0
10 0
10 0
10 0
10 0
10 0
10 0
10 0
10 0
10 0
10 0
2.9635 2
2.94757 2
2.93613 2
2.9268 2
2.9188 2
2.91171 2
2.90533 2
2.8995 2
2.89411 2
2.88911 2
2.88443 2
2.88004 2
2.8759 2
2.87198 2
2.86828 2
2.86475 2
2.86139 2
2.8582 2
2.85514 2
2.85222 2
2.84943 2
2.84677 2
2.8442 2
2.84175 2
2.8394 2
2.83714 2
2.83498 2
2.8329 2
2.83091 2
2.82901 2
2.82717 2
2.82541 2
2.82373 2
2.82212 2
2.82058 2
2.8191 2
2.81768 2
2.81633 2
2.81505 2
2.81382 2
2.81264 2
2.81153 2
2.81048 2
2.80948 2
2.80853 2
2.80764 2
2.8068 2
2.80601 2
2.80527 2
2.80458 2
2.80394 2
2.80336 2
2.80282 2
2.80233 2
2.80188 2
2.80148 2
2.80114 2
2.80084 2
2.80058 2
2.80037 2
2.80021 2
2.80009 2
