9.84524 2
9.77408 2
9.70817 2
9.64733 2
9.59144 2
9.54034 2
9.49392 2
9.45207 2
9.4147 2
9.38172 2
9.35305 2
9.32863 2
9.30841 2
9.29234 2
9.28038 2
9.27251 2
9.26871 2
6.67255 3
2.41009 3
1.47103 3
1.05891 3
0.827453 3
0.679275 3
0.576321 3
0.500659 3
0.442729 3
0.39697 3
0.359928 3
0.32934 3
0.303667 3
0.281821 3
0.263015 3
0.246664 3
0.232322 3
0.219647 3
0.208371 3
0.198278 3
0.189197 3
0.180987 3
0.173533 3
0.166739 3
0.160524 3
0.154822 3
0.149574 3
0.144731 3
0.140252 3
0.136099 3
0.132242 3
0.128652 3
0.125305 3
