9.9002 2
9.82842 2
9.76192 2
9.70055 2
9.64413 2
9.59255 2
9.54568 2
9.50341 2
9.46564 2
9.43228 2
9.40327 2
9.37853 2
9.35801 2
9.34167 2
9.32946 2
9.32136 2
9.31736 2
9.31744 2
5.03642 3
3.0387 3
2.17638 3
1.69587 3
1.38967 3
1.17756 3
1.02202 3
0.903122 3
0.809324 3
0.733468 3
0.670881 3
0.618386 3
0.573742 3
0.53533 3
0.501944 3
0.472673 3
0.446813 3
0.423812 3
0.403231 3
0.384717 3
0.367982 3
0.352791 3
0.338948 3
0.326287 3
0.314671 3
0.303982 3
0.29412 3
0.284999 3
0.276544 3
0.26869 3
0.261382 3
0.25457 3
