9.77071 2
9.69766 2
9.62988 2
9.5672 2
9.50948 2
9.45656 2
9.40834 2
9.36468 2
9.32549 2
9.29069 2
9.26019 2
9.23392 2
9.21182 2
9.19385 2
9.17996 2
9.17012 2
9.16432 2
9.16254 2
9.16478 2
9.17103 2
7.24536 3
5.46201 3
4.3847 3
3.66369 3
3.1475 3
2.75986 3
2.4582 3
2.21686 3
2.01947 3
1.85511 3
1.71618 3
1.59727 3
1.49438 3
1.40452 3
1.3254 3
1.25524 3
1.19263 3
1.13644 3
1.08577 3
1.03986 3
0.998087 3
0.95995 3
0.92501 3
0.892902 3
0.863313 3
0.835978 3
0.810664 3
0.787173 3
0.765332 3
0.744987 3
