9.75714 2
9.6847 2
9.61751 2
9.55541 2
9.49823 2
9.44586 2
9.39815 2
9.355 2
9.31631 2
9.28199 2
9.25196 2
9.22615 2
9.20451 2
9.18698 2
9.17354 2
9.16414 2
9.15877 2
9.15742 2
9.16008 2
7.99116 3
5.467 3
4.15606 3
3.3534 3
2.81163 3
2.42148 3
2.12723 3
1.89749 3
1.71321 3
1.56218 3
1.4362 3
1.32956 3
1.23817 3
1.15901 3
1.08981 3
1.02883 3
0.974724 3
0.926408 3
0.883024 3
0.843875 3
0.808389 3
0.776094 3
0.746594 3
0.719559 3
0.694707 3
0.671798 3
0.650629 3
0.631021 3
0.612821 3
0.595895 3
0.580126 3
