9.83657 2
9.76542 2
9.69951 2
9.63868 2
9.58277 2
9.53167 2
9.48524 2
9.44338 2
9.40599 2
9.37299 2
9.3443 2
9.31986 2
9.2996 2
9.2835 2
9.2715 2
9.26359 2
9.25975 2
6.55283 3
2.33494 3
1.42094 3
1.02152 3
0.797653 3
0.654504 3
0.555124 3
0.482128 3
0.426264 3
0.382151 3
0.34645 3
0.316977 3
0.292243 3
0.2712 3
0.253087 3
0.23734 3
0.223529 3
0.211325 3
0.200468 3
0.190752 3
0.18201 3
0.174107 3
0.166932 3
0.160392 3
0.154411 3
0.148922 3
0.143872 3
0.139211 3
0.1349 3
0.130904 3
0.127192 3
0.123738 3
0.120517 3
