9.77134 2
9.69937 2
9.63264 2
9.57099 2
9.51426 2
9.46233 2
9.41506 2
9.37234 2
9.33409 2
9.3002 2
9.27061 2
9.24525 2
9.22405 2
9.20697 2
9.19398 2
9.18505 2
9.18015 2
9.17928 2
9.18243 2
5.23397 3
3.64114 3
2.79253 3
2.26551 3
1.90654 3
1.64639 3
1.44927 3
1.29481 3
1.17057 3
1.06851 3
0.983215 3
0.910902 3
0.848843 3
0.795027 3
0.747936 3
0.706404 3
0.669519 3
0.636561 3
0.606948 3
0.580212 3
0.555964 3
0.533887 3
0.513712 3
0.495216 3
0.478208 3
0.462525 3
0.448028 3
0.434597 3
0.422127 3
0.410528 3
0.39972 3
