9.88189 2
9.81042 2
9.7442 2
9.68309 2
9.62694 2
9.5756 2
9.52896 2
9.48691 2
9.44935 2
9.4162 2
9.38738 2
9.36283 2
9.34248 2
9.3263 2
9.31426 2
9.30631 2
9.30245 2
9.30267 2
3.39396 3
2.06571 3
1.48514 3
1.15971 3
0.95161 3
0.80713 3
0.701005 3
0.619785 3
0.55565 3
0.503743 3
0.46089 3
0.424928 3
0.394333 3
0.367997 3
0.345101 3
0.325021 3
0.307277 3
0.291491 3
0.277363 3
0.264652 3
0.253161 3
0.242728 3
0.23322 3
0.224523 3
0.216542 3
0.209198 3
0.202422 3
0.196154 3
0.190343 3
0.184946 3
0.179923 3
0.17524 3
