9.77033 2
9.69942 2
9.63372 2
9.57308 2
9.51733 2
9.46636 2
9.42004 2
9.37825 2
9.34091 2
9.30793 2
9.27923 2
9.25476 2
9.23444 2
9.21825 2
9.20614 2
9.19808 2
9.19407 2
4.20899 3
1.41073 3
0.847596 3
0.605971 3
0.471707 3
0.386288 3
0.327183 3
0.283872 3
0.250785 3
0.224694 3
0.203601 3
0.186203 3
0.171613 3
0.159209 3
0.148537 3
0.139263 3
0.131134 3
0.123952 3
0.117565 3
0.111851 3
0.106711 3
0.102065 3
0.0978484 3
0.0940057 3
0.0904916 3
0.0872675 3
0.084301 3
0.0815641 3
0.0790329 3
0.0766866 3
0.0745073 3
0.0724794 3
0.070589 3
