9.76395 2
9.69335 2
9.62796 2
9.5676 2
9.51214 2
9.46144 2
9.41539 2
9.37386 2
9.33678 2
9.30405 2
9.27559 2
9.25135 2
9.23128 2
9.21532 2
9.20343 2
9.19561 2
9.19182 2
0.124405 3
0.044662 3
0.0272237 3
0.0195852 3
0.0152992 3
0.0125568 3
0.0106521 3
0.00925263 3
0.00818135 3
0.00733528 3
0.00665044 3
0.006085 3
0.00561044 3
0.00520666 3
0.00485909 3
0.00455688 3
0.00429184 3
0.00405762 3
0.00384923 3
0.00366273 3
0.00349493 3
0.00334323 3
0.0032055 3
0.00307997 3
0.00296514 3
0.00285978 3
0.00276282 3
0.00267335 3
0.00259059 3
0.00251387 3
0.00244261 3
0.00237628 3
0.00231445 3
