9.79778 2
9.72705 2
9.66153 2
9.60106 2
9.54551 2
9.49473 2
9.44861 2
9.40703 2
9.36991 2
9.33715 2
9.30869 2
9.28446 2
9.2644 2
9.24847 2
9.23664 2
9.22887 2
9.22516 2
2.01814 3
0.742603 3
0.455138 3
0.328225 3
0.256745 3
0.210907 3
0.179023 3
0.155573 3
0.137608 3
0.123411 3
0.111914 3
0.102417 3
0.0944446 3
0.0876591 3
0.0818168 3
0.0767361 3
0.0722793 3
0.0683401 3
0.064835 3
0.0616977 3
0.0588745 3
0.056322 3
0.0540044 3
0.0518917 3
0.0499592 3
0.0481859 3
0.0465538 3
0.0450477 3
0.0436546 3
0.0423631 3
0.0411633 3
0.0400466 3
0.0390056 3
