9.9637 2
9.89091 2
9.82346 2
9.76117 2
9.70389 2
9.65148 2
9.60383 2
9.56081 2
9.52232 2
9.48829 2
9.45863 2
9.43327 2
9.41216 2
9.39526 2
9.38252 2
9.37391 2
9.36943 2
9.36905 2
9.37278 2
6.10745 3
4.31704 3
3.33952 3
2.72392 3
2.30081 3
1.99222 3
1.7573 3
1.57256 3
1.42353 3
1.30082 3
1.19807 3
1.11082 3
1.03583 3
0.970729 3
0.913702 3
0.863362 3
0.818618 3
0.778608 3
0.742638 3
0.710141 3
0.680655 3
0.653795 3
0.629239 3
0.606718 3
0.586001 3
0.566892 3
0.549223 3
0.532849 3
0.517643 3
0.503496 3
0.49031 3
